0 0 0 0.000000
0 0 1 0.000000
0 0 2 0.000000
0 0 3 0.000000
0 0 4 0.000000
0 0 5 0.000000
0 0 6 0.000000
0 0 7 0.000000
0 0 8 0.000000
0 0 9 0.000000
0 0 10 0.000000
0 0 11 0.000000
0 0 12 0.000000
0 0 13 0.000000
0 0 14 0.000000
0 0 15 0.000000
0 0 16 0.000000
0 0 17 0.000000
0 0 18 0.000000
0 0 19 0.000000
0 0 20 49.923388
0 0 21 0.000000
0 0 22 0.000000
0 0 23 0.000000
0 0 24 0.000000
0 0 25 0.000000
0 0 26 0.000000
0 0 27 0.000000
0 0 28 0.000000
0 0 29 0.000000
0 0 30 49.627150
0 0 31 0.000000
0 0 32 0.000000
0 0 33 0.000000
0 0 34 0.000000
0 0 35 0.000000
0 0 36 49.578910
0 0 37 0.000000
0 0 38 0.000000
0 0 39 0.000000
0 0 40 47.174409
0 0 41 0.000000
0 0 42 0.000000
0 0 43 0.000000
0 0 44 0.000000
0 0 45 0.000000
0 0 46 0.000000
0 0 47 0.000000
0 0 48 0.000000
0 0 49 0.000000
0 0 50 0.000000
0 0 51 0.000000
0 0 52 0.000000
0 0 53 0.000000
0 0 54 0.000000
0 0 55 0.000000
0 0 56 0.000000
0 0 57 0.000000
0 0 58 0.000000
0 0 59 0.000000
0 0 60 0.000000
0 0 61 0.000000
0 0 62 0.000000
0 0 63 0.000000
0 1 0 44.585743
0 1 1 0.000000
0 1 2 44.020717
0 1 3 0.000000
0 1 4 0.000000
0 1 5 0.000000
0 1 6 0.000000
0 1 7 0.000000
0 1 8 0.000000
0 1 9 0.000000
0 1 10 44.689126
0 1 11 0.000000
0 1 12 0.000000
0 1 13 0.000000
0 1 14 43.343668
0 1 15 44.978096
0 1 16 44.482015
0 1 17 0.000000
0 1 18 48.265181
0 1 19 0.000000
0 1 20 0.000000
0 1 21 43.407226
0 1 22 0.000000
0 1 23 0.000000
0 1 24 0.000000
0 1 25 0.000000
0 1 26 0.000000
0 1 27 46.563355
0 1 28 46.844106
0 1 29 0.000000
0 1 30 47.514707
0 1 31 42.750739
0 1 32 0.000000
0 1 33 48.033835
0 1 34 0.000000
0 1 35 0.000000
0 1 36 0.000000
0 1 37 105.181589
0 1 38 0.000000
0 1 39 0.000000
0 1 40 0.000000
0 1 41 0.000000
0 1 42 33.717489
0 1 43 0.000000
0 1 44 0.000000
0 1 45 0.000000
0 1 46 0.000000
0 1 47 0.000000
0 1 48 0.000000
0 1 49 43.920467
0 1 50 0.000000
0 1 51 0.000000
0 1 52 0.000000
0 1 53 40.663661
0 1 54 0.000000
0 1 55 0.000000
0 1 56 46.366548
0 1 57 0.000000
0 1 58 0.000000
0 1 59 0.000000
0 1 60 0.000000
0 1 61 0.000000
0 1 62 0.000000
0 1 63 0.000000
0 2 0 0.000000
0 2 1 0.000000
0 2 2 0.000000
0 2 3 0.000000
0 2 4 0.000000
0 2 5 0.000000
0 2 6 0.000000
0 2 7 0.000000
0 2 8 0.000000
0 2 9 0.000000
0 2 10 0.000000
0 2 11 0.000000
0 2 12 0.000000
0 2 13 0.000000
0 2 14 0.000000
0 2 15 0.000000
0 2 16 0.000000
0 2 17 0.000000
0 2 18 0.000000
0 2 19 0.000000
0 2 20 0.000000
0 2 21 0.000000
0 2 22 0.000000
0 2 23 0.000000
0 2 24 0.000000
0 2 25 0.000000
0 2 26 0.000000
0 2 27 0.000000
0 2 28 0.000000
0 2 29 0.000000
0 2 30 0.000000
0 2 31 0.000000
0 2 32 0.000000
0 2 33 0.000000
0 2 34 0.000000
0 2 35 0.000000
0 2 36 0.000000
0 2 37 0.000000
0 2 38 0.000000
0 2 39 0.000000
0 2 40 0.000000
0 2 41 0.000000
0 2 42 0.000000
0 2 43 0.000000
0 2 44 0.000000
0 2 45 0.000000
0 2 46 0.000000
0 2 47 0.000000
0 2 48 0.000000
0 2 49 0.000000
0 2 50 0.000000
0 2 51 0.000000
0 2 52 0.000000
0 2 53 0.000000
0 2 54 0.000000
0 2 55 0.000000
0 2 56 0.000000
0 2 57 0.000000
0 2 58 0.000000
0 2 59 0.000000
0 2 60 0.000000
0 2 61 0.000000
0 2 62 0.000000
0 2 63 0.000000
0 3 0 0.000000
0 3 1 0.000000
0 3 2 0.000000
0 3 3 0.000000
0 3 4 0.000000
0 3 5 0.000000
0 3 6 0.000000
0 3 7 47.062353
0 3 8 0.000000
0 3 9 48.529366
0 3 10 47.573899
0 3 11 0.000000
0 3 12 0.000000
0 3 13 0.000000
0 3 14 0.000000
0 3 15 0.000000
0 3 16 50.173986
0 3 17 0.000000
0 3 18 0.000000
0 3 19 0.000000
0 3 20 0.000000
0 3 21 0.000000
0 3 22 0.000000
0 3 23 0.000000
0 3 24 0.000000
0 3 25 0.000000
0 3 26 0.000000
0 3 27 0.000000
0 3 28 0.000000
0 3 29 0.000000
0 3 30 0.000000
0 3 31 0.000000
0 3 32 0.000000
0 3 33 0.000000
0 3 34 0.000000
0 3 35 0.000000
0 3 36 0.000000
0 3 37 0.000000
0 3 38 0.000000
0 3 39 0.000000
0 3 40 0.000000
0 3 41 0.000000
0 3 42 0.000000
0 3 43 0.000000
0 3 44 0.000000
0 3 45 0.000000
0 3 46 0.000000
0 3 47 0.000000
0 3 48 0.000000
0 3 49 0.000000
0 3 50 0.000000
0 3 51 0.000000
0 3 52 0.000000
0 3 53 0.000000
0 3 54 0.000000
0 3 55 0.000000
0 3 56 0.000000
0 3 57 0.000000
0 3 58 0.000000
0 3 59 0.000000
0 3 60 0.000000
0 3 61 0.000000
0 3 62 0.000000
0 3 63 0.000000
0 4 0 0.000000
0 4 1 0.000000
0 4 2 0.000000
0 4 3 0.000000
0 4 4 0.000000
0 4 5 0.000000
0 4 6 0.000000
0 4 7 0.000000
0 4 8 0.000000
0 4 9 0.000000
0 4 10 0.000000
0 4 11 0.000000
0 4 12 0.000000
0 4 13 0.000000
0 4 14 0.000000
0 4 15 0.000000
0 4 16 0.000000
0 4 17 0.000000
0 4 18 0.000000
0 4 19 0.000000
0 4 20 0.000000
0 4 21 0.000000
0 4 22 0.000000
0 4 23 0.000000
0 4 24 0.000000
0 4 25 0.000000
0 4 26 0.000000
0 4 27 0.000000
0 4 28 0.000000
0 4 29 0.000000
0 4 30 0.000000
0 4 31 0.000000
0 4 32 0.000000
0 4 33 0.000000
0 4 34 0.000000
0 4 35 0.000000
0 4 36 0.000000
0 4 37 0.000000
0 4 38 0.000000
0 4 39 48.809065
0 4 40 0.000000
0 4 41 0.000000
0 4 42 0.000000
0 4 43 0.000000
0 4 44 0.000000
0 4 45 0.000000
0 4 46 0.000000
0 4 47 0.000000
0 4 48 0.000000
0 4 49 0.000000
0 4 50 0.000000
0 4 51 0.000000
0 4 52 0.000000
0 4 53 0.000000
0 4 54 52.945388
0 4 55 0.000000
0 4 56 0.000000
0 4 57 52.600357
0 4 58 56.832350
0 4 59 0.000000
0 4 60 52.966549
0 4 61 0.000000
0 4 62 0.000000
0 4 63 0.000000
0 5 0 0.000000
0 5 1 0.000000
0 5 2 0.000000
0 5 3 0.000000
0 5 4 0.000000
0 5 5 0.000000
0 5 6 0.000000
0 5 7 55.334426
0 5 8 0.000000
0 5 9 0.000000
0 5 10 46.482976
0 5 11 0.000000
0 5 12 0.000000
0 5 13 0.000000
0 5 14 0.000000
0 5 15 0.000000
0 5 16 48.768536
0 5 17 0.000000
0 5 18 36.051258
0 5 19 60.522202
0 5 20 0.000000
0 5 21 0.000000
0 5 22 0.000000
0 5 23 0.000000
0 5 24 0.000000
0 5 25 49.250172
0 5 26 0.000000
0 5 27 0.000000
0 5 28 0.000000
0 5 29 0.000000
0 5 30 0.000000
0 5 31 52.751209
0 5 32 0.000000
0 5 33 0.000000
0 5 34 0.000000
0 5 35 53.015542
0 5 36 0.000000
0 5 37 0.000000
0 5 38 45.290028
0 5 39 45.979606
0 5 40 0.000000
0 5 41 0.000000
0 5 42 0.000000
0 5 43 0.000000
0 5 44 45.643950
0 5 45 0.000000
0 5 46 0.000000
0 5 47 0.000000
0 5 48 0.000000
0 5 49 0.000000
0 5 50 53.469681
0 5 51 0.000000
0 5 52 0.000000
0 5 53 45.133949
0 5 54 0.000000
0 5 55 0.000000
0 5 56 0.000000
0 5 57 0.000000
0 5 58 0.000000
0 5 59 0.000000
0 5 60 46.280286
0 5 61 0.000000
0 5 62 0.000000
0 5 63 0.000000
0 6 0 0.000000
0 6 1 0.000000
0 6 2 51.168559
0 6 3 52.602803
0 6 4 0.000000
0 6 5 53.788334
0 6 6 51.465914
0 6 7 0.000000
0 6 8 58.842677
0 6 9 54.495912
0 6 10 0.000000
0 6 11 0.000000
0 6 12 53.863257
0 6 13 0.000000
0 6 14 44.488096
0 6 15 0.000000
0 6 16 0.000000
0 6 17 0.000000
0 6 18 50.934926
0 6 19 0.000000
0 6 20 0.000000
0 6 21 52.524920
0 6 22 0.000000
0 6 23 47.358194
0 6 24 50.903386
0 6 25 0.000000
0 6 26 0.000000
0 6 27 0.000000
0 6 28 0.000000
0 6 29 0.000000
0 6 30 0.000000
0 6 31 0.000000
0 6 32 0.000000
0 6 33 0.000000
0 6 34 0.000000
0 6 35 0.000000
0 6 36 0.000000
0 6 37 0.000000
0 6 38 0.000000
0 6 39 0.000000
0 6 40 0.000000
0 6 41 0.000000
0 6 42 0.000000
0 6 43 44.537813
0 6 44 0.000000
0 6 45 0.000000
0 6 46 0.000000
0 6 47 0.000000
0 6 48 0.000000
0 6 49 0.000000
0 6 50 0.000000
0 6 51 0.000000
0 6 52 0.000000
0 6 53 0.000000
0 6 54 0.000000
0 6 55 0.000000
0 6 56 45.551792
0 6 57 45.388410
0 6 58 0.000000
0 6 59 0.000000
0 6 60 0.000000
0 6 61 0.000000
0 6 62 0.000000
0 6 63 0.000000
0 7 0 0.000000
0 7 1 43.939914
0 7 2 0.000000
0 7 3 54.964259
0 7 4 49.385756
0 7 5 0.000000
0 7 6 0.000000
0 7 7 49.392035
0 7 8 51.313359
0 7 9 0.000000
0 7 10 0.000000
0 7 11 0.000000
0 7 12 0.000000
0 7 13 0.000000
0 7 14 0.000000
0 7 15 0.000000
0 7 16 47.137150
0 7 17 0.000000
0 7 18 0.000000
0 7 19 0.000000
0 7 20 0.000000
0 7 21 0.000000
0 7 22 46.966048
0 7 23 0.000000
0 7 24 0.000000
0 7 25 0.000000
0 7 26 0.000000
0 7 27 0.000000
0 7 28 53.226918
0 7 29 0.000000
0 7 30 0.000000
0 7 31 53.424221
0 7 32 0.000000
0 7 33 0.000000
0 7 34 0.000000
0 7 35 51.345536
0 7 36 0.000000
0 7 37 0.000000
0 7 38 46.050718
0 7 39 0.000000
0 7 40 0.000000
0 7 41 0.000000
0 7 42 54.079852
0 7 43 0.000000
0 7 44 0.000000
0 7 45 0.000000
0 7 46 49.032726
0 7 47 48.391244
0 7 48 0.000000
0 7 49 52.360707
0 7 50 0.000000
0 7 51 0.000000
0 7 52 0.000000
0 7 53 47.169265
0 7 54 0.000000
0 7 55 51.003853
0 7 56 51.514945
0 7 57 49.446839
0 7 58 50.417615
0 7 59 47.044928
0 7 60 0.000000
0 7 61 0.000000
0 7 62 47.809831
0 7 63 0.000000
0 8 0 0.000000
0 8 1 0.000000
0 8 2 0.000000
0 8 3 0.000000
0 8 4 0.000000
0 8 5 59.366859
0 8 6 0.000000
0 8 7 0.000000
0 8 8 0.000000
0 8 9 48.178399
0 8 10 0.000000
0 8 11 0.000000
0 8 12 0.000000
0 8 13 0.000000
0 8 14 0.000000
0 8 15 0.000000
0 8 16 0.000000
0 8 17 0.000000
0 8 18 0.000000
0 8 19 38.637386
0 8 20 0.000000
0 8 21 0.000000
0 8 22 0.000000
0 8 23 0.000000
0 8 24 0.000000
0 8 25 0.000000
0 8 26 0.000000
0 8 27 0.000000
0 8 28 0.000000
0 8 29 53.941211
0 8 30 0.000000
0 8 31 0.000000
0 8 32 0.000000
0 8 33 0.000000
0 8 34 33.501419
0 8 35 0.000000
0 8 36 0.000000
0 8 37 0.000000
0 8 38 0.000000
0 8 39 0.000000
0 8 40 0.000000
0 8 41 0.000000
0 8 42 0.000000
0 8 43 0.000000
0 8 44 0.000000
0 8 45 0.000000
0 8 46 45.226666
0 8 47 0.000000
0 8 48 0.000000
0 8 49 42.639056
0 8 50 0.000000
0 8 51 0.000000
0 8 52 0.000000
0 8 53 0.000000
0 8 54 0.000000
0 8 55 0.000000
0 8 56 0.000000
0 8 57 0.000000
0 8 58 0.000000
0 8 59 0.000000
0 8 60 0.000000
0 8 61 0.000000
0 8 62 0.000000
0 8 63 0.000000
0 9 0 43.916880
0 9 1 45.844421
0 9 2 45.723017
0 9 3 49.351713
0 9 4 0.000000
0 9 5 0.000000
0 9 6 47.443750
0 9 7 46.160155
0 9 8 0.000000
0 9 9 48.769765
0 9 10 0.000000
0 9 11 53.874328
0 9 12 0.000000
0 9 13 0.000000
0 9 14 44.081775
0 9 15 0.000000
0 9 16 53.670789
0 9 17 0.000000
0 9 18 51.963226
0 9 19 0.000000
0 9 20 49.530768
0 9 21 48.893529
0 9 22 46.420112
0 9 23 51.518696
0 9 24 53.026572
0 9 25 0.000000
0 9 26 49.783130
0 9 27 53.068272
0 9 28 52.920162
0 9 29 53.146961
0 9 30 56.448739
0 9 31 0.000000
0 9 32 0.000000
0 9 33 0.000000
0 9 34 0.000000
0 9 35 45.784719
0 9 36 56.249526
0 9 37 0.000000
0 9 38 0.000000
0 9 39 43.661062
0 9 40 50.047053
0 9 41 47.456615
0 9 42 0.000000
0 9 43 51.085890
0 9 44 0.000000
0 9 45 53.173453
0 9 46 48.412676
0 9 47 48.077156
0 9 48 48.693669
0 9 49 48.953625
0 9 50 50.719032
0 9 51 0.000000
0 9 52 0.000000
0 9 53 0.000000
0 9 54 0.000000
0 9 55 0.000000
0 9 56 0.000000
0 9 57 47.678354
0 9 58 0.000000
0 9 59 49.611001
0 9 60 48.639117
0 9 61 45.496965
0 9 62 0.000000
0 9 63 0.000000
0 10 0 47.347285
0 10 1 47.228719
0 10 2 0.000000
0 10 3 50.796976
0 10 4 48.192146
0 10 5 49.136278
0 10 6 109.096471
0 10 7 0.000000
0 10 8 0.000000
0 10 9 45.618146
0 10 10 46.028506
0 10 11 47.636745
0 10 12 48.009384
0 10 13 43.239780
0 10 14 47.464103
0 10 15 0.000000
0 10 16 42.321150
0 10 17 0.000000
0 10 18 0.000000
0 10 19 0.000000
0 10 20 0.000000
0 10 21 48.556026
0 10 22 49.140570
0 10 23 50.384456
0 10 24 50.715560
0 10 25 0.000000
0 10 26 45.343974
0 10 27 55.536240
0 10 28 49.333261
0 10 29 45.718526
0 10 30 49.637894
0 10 31 0.000000
0 10 32 0.000000
0 10 33 53.119015
0 10 34 47.568029
0 10 35 45.680266
0 10 36 52.155808
0 10 37 0.000000
0 10 38 45.910014
0 10 39 43.936410
0 10 40 53.475011
0 10 41 51.065410
0 10 42 47.980620
0 10 43 46.853086
0 10 44 47.480848
0 10 45 49.054299
0 10 46 42.519937
0 10 47 46.677904
0 10 48 47.316006
0 10 49 47.018299
0 10 50 44.365306
0 10 51 43.880496
0 10 52 47.668142
0 10 53 44.726465
0 10 54 48.023974
0 10 55 97.229257
0 10 56 45.542505
0 10 57 44.970887
0 10 58 47.733038
0 10 59 47.399687
0 10 60 45.068218
0 10 61 40.451151
0 10 62 39.746403
0 10 63 47.473930
0 11 0 0.000000
0 11 1 53.108047
0 11 2 48.337721
0 11 3 48.631016
0 11 4 51.036421
0 11 5 45.393526
0 11 6 42.267434
0 11 7 49.302675
0 11 8 52.094196
0 11 9 46.592540
0 11 10 45.708292
0 11 11 50.380441
0 11 12 53.133781
0 11 13 46.293146
0 11 14 45.858806
0 11 15 51.408063
0 11 16 46.870819
0 11 17 0.000000
0 11 18 46.242460
0 11 19 45.886613
0 11 20 52.627585
0 11 21 48.133088
0 11 22 48.658987
0 11 23 50.496294
0 11 24 47.564200
0 11 25 48.104807
0 11 26 47.503851
0 11 27 49.655579
0 11 28 53.908962
0 11 29 51.543686
0 11 30 52.110068
0 11 31 51.373428
0 11 32 49.209398
0 11 33 47.173321
0 11 34 44.930948
0 11 35 0.000000
0 11 36 51.793947
0 11 37 0.000000
0 11 38 0.000000
0 11 39 50.093653
0 11 40 46.405205
0 11 41 49.824087
0 11 42 50.708382
0 11 43 48.554403
0 11 44 0.000000
0 11 45 0.000000
0 11 46 37.386902
0 11 47 0.000000
0 11 48 0.000000
0 11 49 48.891266
0 11 50 50.274784
0 11 51 0.000000
0 11 52 47.253420
0 11 53 0.000000
0 11 54 0.000000
0 11 55 0.000000
0 11 56 0.000000
0 11 57 0.000000
0 11 58 0.000000
0 11 59 48.099656
0 11 60 0.000000
0 11 61 0.000000
0 11 62 49.417926
0 11 63 0.000000
0 12 0 43.825163
0 12 1 0.000000
0 12 2 0.000000
0 12 3 50.800207
0 12 4 55.318785
0 12 5 51.128062
0 12 6 49.401815
0 12 7 47.517195
0 12 8 48.226506
0 12 9 47.792623
0 12 10 51.042663
0 12 11 47.937205
0 12 12 53.167670
0 12 13 0.000000
0 12 14 45.859881
0 12 15 49.904265
0 12 16 0.000000
0 12 17 42.588582
0 12 18 58.334775
0 12 19 34.221905
0 12 20 52.980021
0 12 21 48.718348
0 12 22 51.447942
0 12 23 52.254202
0 12 24 47.433163
0 12 25 0.000000
0 12 26 0.000000
0 12 27 53.079629
0 12 28 0.000000
0 12 29 47.669923
0 12 30 51.682148
0 12 31 0.000000
0 12 32 53.867010
0 12 33 53.523575
0 12 34 50.973438
0 12 35 47.524579
0 12 36 50.093963
0 12 37 0.000000
0 12 38 46.307146
0 12 39 50.366279
0 12 40 55.434961
0 12 41 0.000000
0 12 42 51.868093
0 12 43 52.771445
0 12 44 49.016362
0 12 45 52.180647
0 12 46 45.323082
0 12 47 46.705774
0 12 48 50.854054
0 12 49 0.000000
0 12 50 43.494411
0 12 51 45.266243
0 12 52 48.860663
0 12 53 48.519350
0 12 54 46.190107
0 12 55 45.048886
0 12 56 44.740916
0 12 57 43.588200
0 12 58 47.919925
0 12 59 51.156082
0 12 60 48.320642
0 12 61 47.785004
0 12 62 42.166800
0 12 63 48.215321
0 13 0 46.456279
0 13 1 46.800759
0 13 2 46.556859
0 13 3 51.233247
0 13 4 49.224532
0 13 5 52.520542
0 13 6 0.000000
0 13 7 40.564043
0 13 8 49.951094
0 13 9 49.322334
0 13 10 52.754028
0 13 11 51.825699
0 13 12 40.260567
0 13 13 51.318657
0 13 14 47.613635
0 13 15 0.000000
0 13 16 0.000000
0 13 17 47.856897
0 13 18 50.706599
0 13 19 50.727235
0 13 20 52.257686
0 13 21 0.000000
0 13 22 0.000000
0 13 23 51.963250
0 13 24 45.208569
0 13 25 0.000000
0 13 26 45.624614
0 13 27 0.000000
0 13 28 0.000000
0 13 29 46.419347
0 13 30 58.115936
0 13 31 0.000000
0 13 32 0.000000
0 13 33 55.647170
0 13 34 49.606471
0 13 35 0.000000
0 13 36 52.470099
0 13 37 0.000000
0 13 38 53.295605
0 13 39 48.887740
0 13 40 0.000000
0 13 41 40.644944
0 13 42 51.475140
0 13 43 0.000000
0 13 44 48.009439
0 13 45 0.000000
0 13 46 0.000000
0 13 47 0.000000
0 13 48 49.241746
0 13 49 49.592025
0 13 50 0.000000
0 13 51 46.664250
0 13 52 0.000000
0 13 53 51.513563
0 13 54 48.857760
0 13 55 48.916488
0 13 56 33.885804
0 13 57 48.208944
0 13 58 49.349812
0 13 59 44.153175
0 13 60 50.934518
0 13 61 40.357002
0 13 62 0.000000
0 13 63 0.000000
0 14 0 45.552813
0 14 1 44.382677
0 14 2 0.000000
0 14 3 52.482330
0 14 4 52.991851
0 14 5 0.000000
0 14 6 48.895734
0 14 7 0.000000
0 14 8 50.781202
0 14 9 0.000000
0 14 10 52.003510
0 14 11 48.687215
0 14 12 55.424485
0 14 13 0.000000
0 14 14 44.579679
0 14 15 52.469484
0 14 16 0.000000
0 14 17 49.248283
0 14 18 52.342301
0 14 19 0.000000
0 14 20 38.002598
0 14 21 47.676483
0 14 22 52.705111
0 14 23 56.397167
0 14 24 42.934731
0 14 25 0.000000
0 14 26 42.918399
0 14 27 0.000000
0 14 28 0.000000
0 14 29 45.553100
0 14 30 48.366166
0 14 31 0.000000
0 14 32 0.000000
0 14 33 0.000000
0 14 34 52.050351
0 14 35 0.000000
0 14 36 0.000000
0 14 37 0.000000
0 14 38 0.000000
0 14 39 37.025028
0 14 40 50.687696
0 14 41 0.000000
0 14 42 0.000000
0 14 43 49.645793
0 14 44 0.000000
0 14 45 0.000000
0 14 46 0.000000
0 14 47 0.000000
0 14 48 0.000000
0 14 49 0.000000
0 14 50 0.000000
0 14 51 0.000000
0 14 52 0.000000
0 14 53 0.000000
0 14 54 0.000000
0 14 55 42.755450
0 14 56 0.000000
0 14 57 39.979673
0 14 58 0.000000
0 14 59 0.000000
0 14 60 0.000000
0 14 61 0.000000
0 14 62 0.000000
0 14 63 0.000000
0 15 0 0.000000
0 15 1 0.000000
0 15 2 0.000000
0 15 3 49.495540
0 15 4 50.554634
0 15 5 48.570628
0 15 6 43.925855
0 15 7 0.000000
0 15 8 0.000000
0 15 9 0.000000
0 15 10 0.000000
0 15 11 0.000000
0 15 12 46.599457
0 15 13 0.000000
0 15 14 0.000000
0 15 15 48.026956
0 15 16 58.981767
0 15 17 0.000000
0 15 18 54.293170
0 15 19 0.000000
0 15 20 53.584279
0 15 21 0.000000
0 15 22 0.000000
0 15 23 49.753964
0 15 24 0.000000
0 15 25 0.000000
0 15 26 0.000000
0 15 27 57.005304
0 15 28 0.000000
0 15 29 0.000000
0 15 30 0.000000
0 15 31 0.000000
0 15 32 0.000000
0 15 33 0.000000
0 15 34 51.276092
0 15 35 0.000000
0 15 36 57.262744
0 15 37 51.704311
0 15 38 47.142063
0 15 39 48.600369
0 15 40 48.341769
0 15 41 50.017376
0 15 42 53.232399
0 15 43 43.256857
0 15 44 49.916734
0 15 45 49.740741
0 15 46 48.253725
0 15 47 0.000000
0 15 48 0.000000
0 15 49 46.994116
0 15 50 48.430076
0 15 51 43.859293
0 15 52 49.712427
0 15 53 46.266309
0 15 54 50.557023
0 15 55 47.170068
0 15 56 46.937032
0 15 57 47.895274
0 15 58 48.711623
0 15 59 50.685632
0 15 60 52.830132
0 15 61 45.689367
0 15 62 43.313734
0 15 63 49.998812
1 0 0 0.000000
1 0 1 0.000000
1 0 2 0.000000
1 0 3 0.000000
1 0 4 47.761355
1 0 5 0.000000
1 0 6 0.000000
1 0 7 0.000000
1 0 8 0.000000
1 0 9 0.000000
1 0 10 0.000000
1 0 11 49.138462
1 0 12 0.000000
1 0 13 0.000000
1 0 14 0.000000
1 0 15 0.000000
1 0 16 0.000000
1 0 17 0.000000
1 0 18 47.238158
1 0 19 0.000000
1 0 20 52.611538
1 0 21 0.000000
1 0 22 0.000000
1 0 23 50.740114
1 0 24 0.000000
1 0 25 0.000000
1 0 26 0.000000
1 0 27 53.270851
1 0 28 48.113396
1 0 29 0.000000
1 0 30 45.357739
1 0 31 0.000000
1 0 32 0.000000
1 0 33 49.182417
1 0 34 99.524992
1 0 35 0.000000
1 0 36 52.601720
1 0 37 88.121873
1 0 38 0.000000
1 0 39 47.147663
1 0 40 48.295015
1 0 41 46.114783
1 0 42 47.042330
1 0 43 47.593644
1 0 44 45.782720
1 0 45 51.080072
1 0 46 0.000000
1 0 47 0.000000
1 0 48 46.425831
1 0 49 45.947928
1 0 50 48.170171
1 0 51 0.000000
1 0 52 49.197378
1 0 53 0.000000
1 0 54 47.217392
1 0 55 51.691435
1 0 56 42.532323
1 0 57 36.850799
1 0 58 48.726900
1 0 59 0.000000
1 0 60 48.575585
1 0 61 0.000000
1 0 62 43.774898
1 0 63 48.629710
1 1 0 0.000000
1 1 1 0.000000
1 1 2 0.000000
1 1 3 0.000000
1 1 4 0.000000
1 1 5 0.000000
1 1 6 0.000000
1 1 7 0.000000
1 1 8 0.000000
1 1 9 0.000000
1 1 10 0.000000
1 1 11 0.000000
1 1 12 0.000000
1 1 13 0.000000
1 1 14 0.000000
1 1 15 0.000000
1 1 16 0.000000
1 1 17 0.000000
1 1 18 0.000000
1 1 19 0.000000
1 1 20 0.000000
1 1 21 0.000000
1 1 22 0.000000
1 1 23 0.000000
1 1 24 0.000000
1 1 25 0.000000
1 1 26 0.000000
1 1 27 60.707529
1 1 28 0.000000
1 1 29 0.000000
1 1 30 54.800759
1 1 31 0.000000
1 1 32 0.000000
1 1 33 0.000000
1 1 34 0.000000
1 1 35 0.000000
1 1 36 0.000000
1 1 37 0.000000
1 1 38 0.000000
1 1 39 0.000000
1 1 40 0.000000
1 1 41 0.000000
1 1 42 0.000000
1 1 43 0.000000
1 1 44 0.000000
1 1 45 0.000000
1 1 46 0.000000
1 1 47 0.000000
1 1 48 0.000000
1 1 49 0.000000
1 1 50 0.000000
1 1 51 0.000000
1 1 52 0.000000
1 1 53 0.000000
1 1 54 0.000000
1 1 55 0.000000
1 1 56 0.000000
1 1 57 0.000000
1 1 58 0.000000
1 1 59 0.000000
1 1 60 0.000000
1 1 61 0.000000
1 1 62 0.000000
1 1 63 0.000000
1 2 0 0.000000
1 2 1 0.000000
1 2 2 0.000000
1 2 3 0.000000
1 2 4 0.000000
1 2 5 0.000000
1 2 6 0.000000
1 2 7 0.000000
1 2 8 0.000000
1 2 9 0.000000
1 2 10 0.000000
1 2 11 0.000000
1 2 12 0.000000
1 2 13 0.000000
1 2 14 0.000000
1 2 15 0.000000
1 2 16 0.000000
1 2 17 0.000000
1 2 18 0.000000
1 2 19 0.000000
1 2 20 46.482173
1 2 21 0.000000
1 2 22 0.000000
1 2 23 0.000000
1 2 24 0.000000
1 2 25 0.000000
1 2 26 0.000000
1 2 27 0.000000
1 2 28 0.000000
1 2 29 0.000000
1 2 30 0.000000
1 2 31 0.000000
1 2 32 0.000000
1 2 33 0.000000
1 2 34 0.000000
1 2 35 0.000000
1 2 36 0.000000
1 2 37 0.000000
1 2 38 0.000000
1 2 39 0.000000
1 2 40 0.000000
1 2 41 0.000000
1 2 42 0.000000
1 2 43 0.000000
1 2 44 0.000000
1 2 45 0.000000
1 2 46 0.000000
1 2 47 0.000000
1 2 48 0.000000
1 2 49 0.000000
1 2 50 0.000000
1 2 51 50.516093
1 2 52 0.000000
1 2 53 0.000000
1 2 54 0.000000
1 2 55 0.000000
1 2 56 0.000000
1 2 57 0.000000
1 2 58 0.000000
1 2 59 0.000000
1 2 60 0.000000
1 2 61 46.793865
1 2 62 0.000000
1 2 63 0.000000
1 3 0 0.000000
1 3 1 0.000000
1 3 2 0.000000
1 3 3 52.618475
1 3 4 0.000000
1 3 5 0.000000
1 3 6 48.734909
1 3 7 51.150390
1 3 8 0.000000
1 3 9 0.000000
1 3 10 49.390402
1 3 11 0.000000
1 3 12 52.665842
1 3 13 0.000000
1 3 14 36.244607
1 3 15 50.831441
1 3 16 0.000000
1 3 17 44.759625
1 3 18 0.000000
1 3 19 42.247568
1 3 20 0.000000
1 3 21 0.000000
1 3 22 39.614635
1 3 23 0.000000
1 3 24 0.000000
1 3 25 0.000000
1 3 26 50.623857
1 3 27 0.000000
1 3 28 50.579066
1 3 29 0.000000
1 3 30 48.827517
1 3 31 50.071607
1 3 32 42.501773
1 3 33 0.000000
1 3 34 0.000000
1 3 35 0.000000
1 3 36 0.000000
1 3 37 118.106101
1 3 38 0.000000
1 3 39 0.000000
1 3 40 0.000000
1 3 41 0.000000
1 3 42 0.000000
1 3 43 0.000000
1 3 44 0.000000
1 3 45 0.000000
1 3 46 0.000000
1 3 47 43.037096
1 3 48 0.000000
1 3 49 0.000000
1 3 50 0.000000
1 3 51 0.000000
1 3 52 0.000000
1 3 53 0.000000
1 3 54 0.000000
1 3 55 0.000000
1 3 56 0.000000
1 3 57 0.000000
1 3 58 49.027048
1 3 59 38.386311
1 3 60 0.000000
1 3 61 0.000000
1 3 62 0.000000
1 3 63 0.000000
1 4 0 49.853938
1 4 1 0.000000
1 4 2 0.000000
1 4 3 0.000000
1 4 4 0.000000
1 4 5 0.000000
1 4 6 0.000000
1 4 7 0.000000
1 4 8 37.959460
1 4 9 0.000000
1 4 10 0.000000
1 4 11 0.000000
1 4 12 0.000000
1 4 13 0.000000
1 4 14 45.671001
1 4 15 0.000000
1 4 16 0.000000
1 4 17 0.000000
1 4 18 0.000000
1 4 19 0.000000
1 4 20 65.597363
1 4 21 0.000000
1 4 22 0.000000
1 4 23 0.000000
1 4 24 0.000000
1 4 25 0.000000
1 4 26 48.354980
1 4 27 0.000000
1 4 28 51.827472
1 4 29 35.264726
1 4 30 52.946700
1 4 31 0.000000
1 4 32 0.000000
1 4 33 52.485950
1 4 34 47.415576
1 4 35 0.000000
1 4 36 54.154601
1 4 37 0.000000
1 4 38 0.000000
1 4 39 0.000000
1 4 40 53.667233
1 4 41 0.000000
1 4 42 48.870282
1 4 43 0.000000
1 4 44 0.000000
1 4 45 50.630868
1 4 46 48.266475
1 4 47 0.000000
1 4 48 50.180204
1 4 49 46.334645
1 4 50 49.792336
1 4 51 0.000000
1 4 52 0.000000
1 4 53 0.000000
1 4 54 51.585424
1 4 55 0.000000
1 4 56 49.524190
1 4 57 0.000000
1 4 58 52.221748
1 4 59 0.000000
1 4 60 0.000000
1 4 61 0.000000
1 4 62 0.000000
1 4 63 47.834979
1 5 0 52.414035
1 5 1 0.000000
1 5 2 47.052895
1 5 3 0.000000
1 5 4 0.000000
1 5 5 0.000000
1 5 6 0.000000
1 5 7 47.814198
1 5 8 43.840586
1 5 9 44.458630
1 5 10 39.962039
1 5 11 0.000000
1 5 12 0.000000
1 5 13 51.966006
1 5 14 0.000000
1 5 15 46.420539
1 5 16 46.865849
1 5 17 0.000000
1 5 18 0.000000
1 5 19 49.564572
1 5 20 0.000000
1 5 21 0.000000
1 5 22 0.000000
1 5 23 55.983287
1 5 24 41.489203
1 5 25 51.567458
1 5 26 0.000000
1 5 27 0.000000
1 5 28 0.000000
1 5 29 0.000000
1 5 30 55.437478
1 5 31 0.000000
1 5 32 0.000000
1 5 33 44.058026
1 5 34 0.000000
1 5 35 0.000000
1 5 36 0.000000
1 5 37 0.000000
1 5 38 45.540714
1 5 39 50.177392
1 5 40 0.000000
1 5 41 49.684032
1 5 42 47.151741
1 5 43 0.000000
1 5 44 49.968637
1 5 45 0.000000
1 5 46 33.014228
1 5 47 43.528540
1 5 48 56.609766
1 5 49 51.236579
1 5 50 37.181756
1 5 51 0.000000
1 5 52 53.067353
1 5 53 44.084833
1 5 54 0.000000
1 5 55 52.375143
1 5 56 49.983774
1 5 57 0.000000
1 5 58 52.306053
1 5 59 0.000000
1 5 60 40.594819
1 5 61 0.000000
1 5 62 0.000000
1 5 63 49.993899
1 6 0 0.000000
1 6 1 39.801002
1 6 2 0.000000
1 6 3 0.000000
1 6 4 0.000000
1 6 5 0.000000
1 6 6 0.000000
1 6 7 0.000000
1 6 8 0.000000
1 6 9 0.000000
1 6 10 0.000000
1 6 11 0.000000
1 6 12 0.000000
1 6 13 0.000000
1 6 14 53.227692
1 6 15 0.000000
1 6 16 0.000000
1 6 17 0.000000
1 6 18 0.000000
1 6 19 0.000000
1 6 20 0.000000
1 6 21 0.000000
1 6 22 0.000000
1 6 23 0.000000
1 6 24 0.000000
1 6 25 0.000000
1 6 26 0.000000
1 6 27 0.000000
1 6 28 0.000000
1 6 29 51.922299
1 6 30 0.000000
1 6 31 0.000000
1 6 32 0.000000
1 6 33 0.000000
1 6 34 0.000000
1 6 35 0.000000
1 6 36 0.000000
1 6 37 0.000000
1 6 38 41.964275
1 6 39 33.590251
1 6 40 0.000000
1 6 41 0.000000
1 6 42 0.000000
1 6 43 0.000000
1 6 44 0.000000
1 6 45 50.859729
1 6 46 55.278367
1 6 47 0.000000
1 6 48 0.000000
1 6 49 0.000000
1 6 50 0.000000
1 6 51 0.000000
1 6 52 46.146761
1 6 53 0.000000
1 6 54 0.000000
1 6 55 50.656068
1 6 56 0.000000
1 6 57 0.000000
1 6 58 0.000000
1 6 59 43.498390
1 6 60 0.000000
1 6 61 47.420732
1 6 62 0.000000
1 6 63 52.718694
1 7 0 0.000000
1 7 1 0.000000
1 7 2 0.000000
1 7 3 0.000000
1 7 4 0.000000
1 7 5 0.000000
1 7 6 0.000000
1 7 7 36.213880
1 7 8 0.000000
1 7 9 0.000000
1 7 10 40.853360
1 7 11 0.000000
1 7 12 0.000000
1 7 13 37.711507
1 7 14 47.555989
1 7 15 0.000000
1 7 16 0.000000
1 7 17 0.000000
1 7 18 57.784124
1 7 19 52.755847
1 7 20 0.000000
1 7 21 0.000000
1 7 22 46.107678
1 7 23 0.000000
1 7 24 0.000000
1 7 25 50.246649
1 7 26 0.000000
1 7 27 0.000000
1 7 28 0.000000
1 7 29 46.952973
1 7 30 0.000000
1 7 31 50.940788
1 7 32 47.689319
1 7 33 0.000000
1 7 34 0.000000
1 7 35 43.898902
1 7 36 40.143408
1 7 37 0.000000
1 7 38 0.000000
1 7 39 44.321856
1 7 40 53.847742
1 7 41 48.373504
1 7 42 0.000000
1 7 43 0.000000
1 7 44 49.146385
1 7 45 50.418046
1 7 46 0.000000
1 7 47 44.484366
1 7 48 52.293493
1 7 49 0.000000
1 7 50 0.000000
1 7 51 0.000000
1 7 52 0.000000
1 7 53 44.173190
1 7 54 0.000000
1 7 55 0.000000
1 7 56 0.000000
1 7 57 46.723474
1 7 58 49.616333
1 7 59 0.000000
1 7 60 0.000000
1 7 61 46.040007
1 7 62 0.000000
1 7 63 37.259126
1 8 0 0.000000
1 8 1 0.000000
1 8 2 0.000000
1 8 3 0.000000
1 8 4 0.000000
1 8 5 0.000000
1 8 6 0.000000
1 8 7 0.000000
1 8 8 0.000000
1 8 9 0.000000
1 8 10 0.000000
1 8 11 0.000000
1 8 12 0.000000
1 8 13 0.000000
1 8 14 0.000000
1 8 15 0.000000
1 8 16 0.000000
1 8 17 0.000000
1 8 18 0.000000
1 8 19 0.000000
1 8 20 0.000000
1 8 21 0.000000
1 8 22 0.000000
1 8 23 0.000000
1 8 24 0.000000
1 8 25 0.000000
1 8 26 0.000000
1 8 27 0.000000
1 8 28 0.000000
1 8 29 0.000000
1 8 30 0.000000
1 8 31 0.000000
1 8 32 0.000000
1 8 33 0.000000
1 8 34 0.000000
1 8 35 0.000000
1 8 36 0.000000
1 8 37 0.000000
1 8 38 0.000000
1 8 39 0.000000
1 8 40 0.000000
1 8 41 0.000000
1 8 42 0.000000
1 8 43 0.000000
1 8 44 0.000000
1 8 45 0.000000
1 8 46 0.000000
1 8 47 0.000000
1 8 48 0.000000
1 8 49 0.000000
1 8 50 0.000000
1 8 51 0.000000
1 8 52 0.000000
1 8 53 0.000000
1 8 54 0.000000
1 8 55 0.000000
1 8 56 0.000000
1 8 57 0.000000
1 8 58 0.000000
1 8 59 0.000000
1 8 60 0.000000
1 8 61 0.000000
1 8 62 0.000000
1 8 63 0.000000
1 9 0 0.000000
1 9 1 48.181550
1 9 2 48.663968
1 9 3 50.641638
1 9 4 0.000000
1 9 5 0.000000
1 9 6 47.919007
1 9 7 0.000000
1 9 8 48.351242
1 9 9 0.000000
1 9 10 49.970494
1 9 11 0.000000
1 9 12 58.307851
1 9 13 0.000000
1 9 14 43.473740
1 9 15 46.161925
1 9 16 0.000000
1 9 17 0.000000
1 9 18 52.210390
1 9 19 0.000000
1 9 20 0.000000
1 9 21 51.299198
1 9 22 0.000000
1 9 23 52.422482
1 9 24 51.280967
1 9 25 0.000000
1 9 26 46.330066
1 9 27 50.485901
1 9 28 0.000000
1 9 29 50.514666
1 9 30 0.000000
1 9 31 0.000000
1 9 32 49.753019
1 9 33 0.000000
1 9 34 0.000000
1 9 35 0.000000
1 9 36 50.367217
1 9 37 0.000000
1 9 38 0.000000
1 9 39 0.000000
1 9 40 0.000000
1 9 41 48.854898
1 9 42 0.000000
1 9 43 0.000000
1 9 44 0.000000
1 9 45 0.000000
1 9 46 0.000000
1 9 47 0.000000
1 9 48 47.464655
1 9 49 0.000000
1 9 50 0.000000
1 9 51 0.000000
1 9 52 0.000000
1 9 53 0.000000
1 9 54 0.000000
1 9 55 0.000000
1 9 56 47.268449
1 9 57 0.000000
1 9 58 0.000000
1 9 59 0.000000
1 9 60 45.854023
1 9 61 0.000000
1 9 62 0.000000
1 9 63 0.000000
1 10 0 0.000000
1 10 1 0.000000
1 10 2 0.000000
1 10 3 0.000000
1 10 4 0.000000
1 10 5 0.000000
1 10 6 0.000000
1 10 7 0.000000
1 10 8 0.000000
1 10 9 0.000000
1 10 10 0.000000
1 10 11 0.000000
1 10 12 0.000000
1 10 13 0.000000
1 10 14 0.000000
1 10 15 0.000000
1 10 16 0.000000
1 10 17 0.000000
1 10 18 0.000000
1 10 19 0.000000
1 10 20 0.000000
1 10 21 0.000000
1 10 22 0.000000
1 10 23 0.000000
1 10 24 0.000000
1 10 25 0.000000
1 10 26 0.000000
1 10 27 0.000000
1 10 28 0.000000
1 10 29 0.000000
1 10 30 0.000000
1 10 31 0.000000
1 10 32 0.000000
1 10 33 0.000000
1 10 34 43.093033
1 10 35 0.000000
1 10 36 0.000000
1 10 37 0.000000
1 10 38 0.000000
1 10 39 50.746535
1 10 40 0.000000
1 10 41 0.000000
1 10 42 0.000000
1 10 43 0.000000
1 10 44 49.509594
1 10 45 48.749899
1 10 46 0.000000
1 10 47 0.000000
1 10 48 0.000000
1 10 49 0.000000
1 10 50 0.000000
1 10 51 0.000000
1 10 52 0.000000
1 10 53 0.000000
1 10 54 52.029625
1 10 55 0.000000
1 10 56 47.921456
1 10 57 46.492785
1 10 58 0.000000
1 10 59 0.000000
1 10 60 50.422924
1 10 61 0.000000
1 10 62 0.000000
1 10 63 0.000000
1 11 0 0.000000
1 11 1 44.284406
1 11 2 47.648098
1 11 3 0.000000
1 11 4 0.000000
1 11 5 0.000000
1 11 6 42.162707
1 11 7 40.835800
1 11 8 45.077979
1 11 9 45.218196
1 11 10 44.402798
1 11 11 47.234678
1 11 12 46.123511
1 11 13 47.827797
1 11 14 42.711269
1 11 15 47.387290
1 11 16 45.273823
1 11 17 52.888578
1 11 18 43.202738
1 11 19 0.000000
1 11 20 46.879797
1 11 21 44.843586
1 11 22 49.225588
1 11 23 50.437895
1 11 24 39.971303
1 11 25 48.417662
1 11 26 48.821186
1 11 27 51.319679
1 11 28 0.000000
1 11 29 53.500304
1 11 30 54.740149
1 11 31 48.667009
1 11 32 39.431485
1 11 33 48.650187
1 11 34 50.062338
1 11 35 0.000000
1 11 36 0.000000
1 11 37 0.000000
1 11 38 0.000000
1 11 39 0.000000
1 11 40 47.207968
1 11 41 45.100617
1 11 42 47.415715
1 11 43 46.537036
1 11 44 0.000000
1 11 45 0.000000
1 11 46 46.410879
1 11 47 0.000000
1 11 48 54.804956
1 11 49 51.096020
1 11 50 0.000000
1 11 51 47.857834
1 11 52 37.842110
1 11 53 0.000000
1 11 54 38.657671
1 11 55 43.894022
1 11 56 36.946108
1 11 57 36.425055
1 11 58 36.651232
1 11 59 40.573763
1 11 60 0.000000
1 11 61 0.000000
1 11 62 0.000000
1 11 63 0.000000
1 12 0 0.000000
1 12 1 0.000000
1 12 2 0.000000
1 12 3 52.802337
1 12 4 51.829524
1 12 5 38.915770
1 12 6 49.184220
1 12 7 47.848505
1 12 8 49.219043
1 12 9 48.633224
1 12 10 0.000000
1 12 11 48.974686
1 12 12 50.788973
1 12 13 0.000000
1 12 14 0.000000
1 12 15 47.623889
1 12 16 0.000000
1 12 17 50.164659
1 12 18 55.965091
1 12 19 45.842122
1 12 20 50.414817
1 12 21 52.971096
1 12 22 48.740316
1 12 23 52.098029
1 12 24 41.486312
1 12 25 0.000000
1 12 26 52.844735
1 12 27 53.313999
1 12 28 38.858229
1 12 29 0.000000
1 12 30 53.419653
1 12 31 41.610467
1 12 32 50.034139
1 12 33 54.640862
1 12 34 50.988458
1 12 35 49.503911
1 12 36 52.952110
1 12 37 101.605927
1 12 38 47.677195
1 12 39 51.709894
1 12 40 0.000000
1 12 41 42.343915
1 12 42 46.012584
1 12 43 0.000000
1 12 44 35.878198
1 12 45 51.073092
1 12 46 54.227499
1 12 47 35.818378
1 12 48 57.933618
1 12 49 48.225695
1 12 50 50.055297
1 12 51 43.732429
1 12 52 45.214341
1 12 53 44.258912
1 12 54 49.911650
1 12 55 54.152234
1 12 56 45.840560
1 12 57 46.773877
1 12 58 48.399475
1 12 59 43.675824
1 12 60 46.161553
1 12 61 43.340317
1 12 62 40.434880
1 12 63 51.057319
1 13 0 45.657795
1 13 1 42.518657
1 13 2 47.564840
1 13 3 61.071133
1 13 4 51.478737
1 13 5 54.577790
1 13 6 40.643777
1 13 7 0.000000
1 13 8 54.808429
1 13 9 0.000000
1 13 10 0.000000
1 13 11 50.856040
1 13 12 48.860090
1 13 13 0.000000
1 13 14 49.711909
1 13 15 0.000000
1 13 16 0.000000
1 13 17 51.405746
1 13 18 0.000000
1 13 19 37.067603
1 13 20 56.385949
1 13 21 55.932731
1 13 22 49.434312
1 13 23 60.193099
1 13 24 47.113068
1 13 25 0.000000
1 13 26 48.658409
1 13 27 0.000000
1 13 28 50.877881
1 13 29 47.575302
1 13 30 0.000000
1 13 31 0.000000
1 13 32 0.000000
1 13 33 0.000000
1 13 34 47.267242
1 13 35 0.000000
1 13 36 55.261755
1 13 37 141.487039
1 13 38 50.558538
1 13 39 52.879202
1 13 40 0.000000
1 13 41 50.759583
1 13 42 0.000000
1 13 43 0.000000
1 13 44 48.305630
1 13 45 50.538651
1 13 46 45.785642
1 13 47 0.000000
1 13 48 0.000000
1 13 49 0.000000
1 13 50 0.000000
1 13 51 0.000000
1 13 52 48.908205
1 13 53 49.444765
1 13 54 0.000000
1 13 55 50.919973
1 13 56 0.000000
1 13 57 46.910778
1 13 58 0.000000
1 13 59 0.000000
1 13 60 53.606808
1 13 61 48.552392
1 13 62 44.186429
1 13 63 48.336077
1 14 0 44.841623
1 14 1 46.034174
1 14 2 49.682007
1 14 3 58.756639
1 14 4 0.000000
1 14 5 45.933478
1 14 6 49.518793
1 14 7 0.000000
1 14 8 54.626802
1 14 9 0.000000
1 14 10 0.000000
1 14 11 48.322982
1 14 12 47.383029
1 14 13 52.599223
1 14 14 48.987600
1 14 15 55.367316
1 14 16 52.086576
1 14 17 50.449451
1 14 18 54.915189
1 14 19 0.000000
1 14 20 56.725910
1 14 21 0.000000
1 14 22 0.000000
1 14 23 36.955186
1 14 24 50.661658
1 14 25 0.000000
1 14 26 51.891721
1 14 27 40.521141
1 14 28 0.000000
1 14 29 56.906011
1 14 30 56.563882
1 14 31 40.017192
1 14 32 0.000000
1 14 33 0.000000
1 14 34 48.120526
1 14 35 31.925550
1 14 36 65.334985
1 14 37 0.000000
1 14 38 43.564286
1 14 39 0.000000
1 14 40 58.851858
1 14 41 37.141976
1 14 42 46.089141
1 14 43 52.440552
1 14 44 0.000000
1 14 45 48.409219
1 14 46 54.828179
1 14 47 0.000000
1 14 48 50.214958
1 14 49 57.029349
1 14 50 0.000000
1 14 51 39.128692
1 14 52 50.703930
1 14 53 36.851893
1 14 54 41.446822
1 14 55 46.629935
1 14 56 103.630282
1 14 57 36.281714
1 14 58 37.476474
1 14 59 51.612558
1 14 60 0.000000
1 14 61 37.094687
1 14 62 0.000000
1 14 63 49.531805
1 15 0 0.000000
1 15 1 0.000000
1 15 2 0.000000
1 15 3 0.000000
1 15 4 56.036549
1 15 5 0.000000
1 15 6 32.271159
1 15 7 0.000000
1 15 8 0.000000
1 15 9 0.000000
1 15 10 0.000000
1 15 11 41.898627
1 15 12 0.000000
1 15 13 33.495299
1 15 14 35.254327
1 15 15 52.155338
1 15 16 0.000000
1 15 17 47.551180
1 15 18 0.000000
1 15 19 0.000000
1 15 20 65.083103
1 15 21 0.000000
1 15 22 0.000000
1 15 23 47.022430
1 15 24 48.487601
1 15 25 0.000000
1 15 26 44.842215
1 15 27 51.932321
1 15 28 0.000000
1 15 29 54.574005
1 15 30 0.000000
1 15 31 45.312870
1 15 32 0.000000
1 15 33 0.000000
1 15 34 54.930058
1 15 35 43.336927
1 15 36 50.299333
1 15 37 46.988856
1 15 38 47.187587
1 15 39 0.000000
1 15 40 54.826264
1 15 41 0.000000
1 15 42 54.817004
1 15 43 47.981715
1 15 44 46.613037
1 15 45 51.546402
1 15 46 51.922625
1 15 47 0.000000
1 15 48 0.000000
1 15 49 53.494333
1 15 50 0.000000
1 15 51 44.631579
1 15 52 43.507257
1 15 53 44.141714
1 15 54 48.731107
1 15 55 48.669268
1 15 56 53.268889
1 15 57 51.738435
1 15 58 50.786763
1 15 59 55.761940
1 15 60 45.533794
1 15 61 44.486577
1 15 62 43.543198
1 15 63 44.481434
2 0 0 0.000000
2 0 1 0.000000
2 0 2 0.000000
2 0 3 0.000000
2 0 4 47.458724
2 0 5 0.000000
2 0 6 0.000000
2 0 7 0.000000
2 0 8 48.289600
2 0 9 0.000000
2 0 10 0.000000
2 0 11 0.000000
2 0 12 0.000000
2 0 13 0.000000
2 0 14 46.192015
2 0 15 0.000000
2 0 16 0.000000
2 0 17 0.000000
2 0 18 0.000000
2 0 19 0.000000
2 0 20 0.000000
2 0 21 0.000000
2 0 22 0.000000
2 0 23 0.000000
2 0 24 0.000000
2 0 25 0.000000
2 0 26 0.000000
2 0 27 0.000000
2 0 28 0.000000
2 0 29 0.000000
2 0 30 0.000000
2 0 31 0.000000
2 0 32 0.000000
2 0 33 0.000000
2 0 34 0.000000
2 0 35 0.000000
2 0 36 0.000000
2 0 37 0.000000
2 0 38 0.000000
2 0 39 0.000000
2 0 40 0.000000
2 0 41 83.773296
2 0 42 0.000000
2 0 43 0.000000
2 0 44 0.000000
2 0 45 0.000000
2 0 46 46.564533
2 0 47 0.000000
2 0 48 0.000000
2 0 49 0.000000
2 0 50 0.000000
2 0 51 0.000000
2 0 52 0.000000
2 0 53 0.000000
2 0 54 0.000000
2 0 55 0.000000
2 0 56 0.000000
2 0 57 0.000000
2 0 58 0.000000
2 0 59 0.000000
2 0 60 0.000000
2 0 61 0.000000
2 0 62 47.345913
2 0 63 0.000000
2 1 0 0.000000
2 1 1 0.000000
2 1 2 0.000000
2 1 3 0.000000
2 1 4 16.097737
2 1 5 16.189066
2 1 6 0.000000
2 1 7 19.286451
2 1 8 0.000000
2 1 9 22.356113
2 1 10 0.000000
2 1 11 0.000000
2 1 12 0.000000
2 1 13 18.427728
2 1 14 22.864876
2 1 15 19.518927
2 1 16 16.312965
2 1 17 0.000000
2 1 18 0.000000
2 1 19 16.722883
2 1 20 0.000000
2 1 21 18.078562
2 1 22 19.237278
2 1 23 19.225677
2 1 24 19.318813
2 1 25 23.123424
2 1 26 25.629020
2 1 27 21.057636
2 1 28 25.865206
2 1 29 18.209139
2 1 30 12.680720
2 1 31 22.081458
2 1 32 19.479153
2 1 33 24.937863
2 1 34 0.000000
2 1 35 23.802963
2 1 36 23.635528
2 1 37 0.000000
2 1 38 20.147731
2 1 39 0.000000
2 1 40 16.356647
2 1 41 16.929521
2 1 42 0.000000
2 1 43 0.000000
2 1 44 0.000000
2 1 45 15.513598
2 1 46 0.000000
2 1 47 15.158501
2 1 48 22.411570
2 1 49 0.000000
2 1 50 16.800942
2 1 51 13.549563
2 1 52 21.739153
2 1 53 21.884679
2 1 54 0.000000
2 1 55 0.000000
2 1 56 20.910989
2 1 57 0.000000
2 1 58 17.669871
2 1 59 0.000000
2 1 60 15.652444
2 1 61 24.762208
2 1 62 21.020058
2 1 63 16.921969
2 2 0 12.985613
2 2 1 20.731205
2 2 2 45.897284
2 2 3 20.943067
2 2 4 13.046419
2 2 5 16.236132
2 2 6 15.783104
2 2 7 0.000000
2 2 8 23.778035
2 2 9 20.565954
2 2 10 20.145303
2 2 11 22.049168
2 2 12 0.000000
2 2 13 0.000000
2 2 14 22.577951
2 2 15 22.931883
2 2 16 0.000000
2 2 17 21.408899
2 2 18 21.622617
2 2 19 0.000000
2 2 20 23.302671
2 2 21 23.423980
2 2 22 19.544426
2 2 23 22.372012
2 2 24 0.000000
2 2 25 0.000000
2 2 26 17.594212
2 2 27 21.313048
2 2 28 22.828861
2 2 29 20.017377
2 2 30 24.154510
2 2 31 0.000000
2 2 32 19.454776
2 2 33 22.331274
2 2 34 19.947811
2 2 35 0.000000
2 2 36 23.445253
2 2 37 0.000000
2 2 38 20.280461
2 2 39 21.445987
2 2 40 22.442992
2 2 41 0.000000
2 2 42 22.242726
2 2 43 9.330341
2 2 44 20.031915
2 2 45 16.849802
2 2 46 21.772697
2 2 47 0.000000
2 2 48 22.708124
2 2 49 20.166193
2 2 50 19.557186
2 2 51 21.920215
2 2 52 0.000000
2 2 53 19.628775
2 2 54 0.000000
2 2 55 20.891183
2 2 56 20.613086
2 2 57 17.677671
2 2 58 19.639616
2 2 59 19.474960
2 2 60 89.079084
2 2 61 18.770687
2 2 62 79.145611
2 2 63 21.585241
2 3 0 0.000000
2 3 1 18.594440
2 3 2 21.494523
2 3 3 0.000000
2 3 4 21.155757
2 3 5 24.992172
2 3 6 29.893262
2 3 7 16.129203
2 3 8 21.438498
2 3 9 0.000000
2 3 10 22.281425
2 3 11 0.000000
2 3 12 23.360311
2 3 13 20.933457
2 3 14 19.493125
2 3 15 10.243329
2 3 16 13.087991
2 3 17 0.000000
2 3 18 26.425056
2 3 19 22.037276
2 3 20 26.412946
2 3 21 21.237360
2 3 22 14.826210
2 3 23 0.000000
2 3 24 0.000000
2 3 25 16.500628
2 3 26 11.832327
2 3 27 23.458397
2 3 28 26.834651
2 3 29 21.867180
2 3 30 25.787064
2 3 31 16.589837
2 3 32 21.141229
2 3 33 12.881986
2 3 34 0.000000
2 3 35 20.670630
2 3 36 0.000000
2 3 37 0.000000
2 3 38 23.637481
2 3 39 19.642560
2 3 40 21.598074
2 3 41 0.000000
2 3 42 15.880888
2 3 43 20.044933
2 3 44 11.200540
2 3 45 14.514454
2 3 46 12.276867
2 3 47 20.552638
2 3 48 21.518832
2 3 49 22.377324
2 3 50 18.170854
2 3 51 0.000000
2 3 52 0.000000
2 3 53 23.150383
2 3 54 0.000000
2 3 55 13.362712
2 3 56 0.000000
2 3 57 14.962719
2 3 58 15.918175
2 3 59 0.000000
2 3 60 0.000000
2 3 61 0.000000
2 3 62 0.000000
2 3 63 0.000000
2 4 0 21.483954
2 4 1 0.000000
2 4 2 19.841937
2 4 3 0.000000
2 4 4 23.276585
2 4 5 0.000000
2 4 6 20.475167
2 4 7 0.000000
2 4 8 15.704907
2 4 9 0.000000
2 4 10 12.619693
2 4 11 21.944581
2 4 12 22.938442
2 4 13 14.366369
2 4 14 13.954320
2 4 15 23.876072
2 4 16 0.000000
2 4 17 22.812701
2 4 18 16.899498
2 4 19 0.000000
2 4 20 18.224893
2 4 21 19.783663
2 4 22 19.692706
2 4 23 21.489944
2 4 24 21.393608
2 4 25 12.791941
2 4 26 20.812545
2 4 27 22.210426
2 4 28 13.019793
2 4 29 23.495141
2 4 30 21.978587
2 4 31 0.000000
2 4 32 0.000000
2 4 33 21.432057
2 4 34 20.474742
2 4 35 19.063617
2 4 36 21.318347
2 4 37 0.000000
2 4 38 12.893670
2 4 39 15.818498
2 4 40 20.679266
2 4 41 24.315106
2 4 42 16.168478
2 4 43 15.419280
2 4 44 11.164050
2 4 45 10.462625
2 4 46 0.000000
2 4 47 0.000000
2 4 48 22.734458
2 4 49 14.915180
2 4 50 16.083576
2 4 51 0.000000
2 4 52 14.429121
2 4 53 14.651083
2 4 54 10.238210
2 4 55 0.000000
2 4 56 21.278655
2 4 57 0.000000
2 4 58 20.336293
2 4 59 21.103412
2 4 60 18.040638
2 4 61 0.000000
2 4 62 22.150861
2 4 63 14.190546
2 5 0 0.000000
2 5 1 11.552205
2 5 2 24.044614
2 5 3 15.542112
2 5 4 16.875132
2 5 5 0.000000
2 5 6 0.000000
2 5 7 11.970463
2 5 8 16.353574
2 5 9 21.532544
2 5 10 15.356014
2 5 11 0.000000
2 5 12 0.000000
2 5 13 21.371106
2 5 14 0.000000
2 5 15 15.838254
2 5 16 14.853579
2 5 17 0.000000
2 5 18 19.097945
2 5 19 18.669295
2 5 20 13.726418
2 5 21 15.255373
2 5 22 17.193073
2 5 23 17.257261
2 5 24 0.000000
2 5 25 14.033393
2 5 26 15.818597
2 5 27 17.959977
2 5 28 18.015955
2 5 29 11.132317
2 5 30 22.178429
2 5 31 14.937493
2 5 32 22.568228
2 5 33 15.933074
2 5 34 15.972590
2 5 35 24.392724
2 5 36 18.414791
2 5 37 0.000000
2 5 38 0.000000
2 5 39 12.371237
2 5 40 17.071135
2 5 41 0.000000
2 5 42 17.709782
2 5 43 11.195844
2 5 44 16.424009
2 5 45 0.000000
2 5 46 13.590518
2 5 47 23.364327
2 5 48 32.157871
2 5 49 0.000000
2 5 50 22.293471
2 5 51 0.000000
2 5 52 16.307975
2 5 53 11.784613
2 5 54 14.321389
2 5 55 15.327760
2 5 56 16.313560
2 5 57 23.112565
2 5 58 16.570413
2 5 59 0.000000
2 5 60 10.062372
2 5 61 0.000000
2 5 62 14.795673
2 5 63 14.631555
2 6 0 22.752527
2 6 1 23.909805
2 6 2 22.721431
2 6 3 22.236150
2 6 4 17.913480
2 6 5 22.615648
2 6 6 0.000000
2 6 7 0.000000
2 6 8 22.670096
2 6 9 22.525112
2 6 10 0.000000
2 6 11 24.054004
2 6 12 21.558094
2 6 13 0.000000
2 6 14 22.215227
2 6 15 0.000000
2 6 16 0.000000
2 6 17 22.198384
2 6 18 21.862756
2 6 19 0.000000
2 6 20 26.129351
2 6 21 0.000000
2 6 22 0.000000
2 6 23 0.000000
2 6 24 0.000000
2 6 25 0.000000
2 6 26 22.696841
2 6 27 0.000000
2 6 28 22.688589
2 6 29 21.845104
2 6 30 0.000000
2 6 31 0.000000
2 6 32 22.572442
2 6 33 22.670382
2 6 34 16.043813
2 6 35 0.000000
2 6 36 23.448934
2 6 37 0.000000
2 6 38 0.000000
2 6 39 0.000000
2 6 40 22.567884
2 6 41 0.000000
2 6 42 0.000000
2 6 43 22.056855
2 6 44 0.000000
2 6 45 23.113187
2 6 46 0.000000
2 6 47 0.000000
2 6 48 24.783123
2 6 49 23.183329
2 6 50 0.000000
2 6 51 0.000000
2 6 52 20.994114
2 6 53 20.214266
2 6 54 21.576212
2 6 55 21.531798
2 6 56 0.000000
2 6 57 0.000000
2 6 58 20.519844
2 6 59 20.457827
2 6 60 22.268346
2 6 61 21.015337
2 6 62 0.000000
2 6 63 21.751674
2 7 0 19.235733
2 7 1 15.077821
2 7 2 22.619619
2 7 3 12.860933
2 7 4 22.387756
2 7 5 28.150887
2 7 6 22.291887
2 7 7 22.555243
2 7 8 107.826634
2 7 9 32.709327
2 7 10 20.016756
2 7 11 21.670391
2 7 12 18.175142
2 7 13 24.258950
2 7 14 100.581100
2 7 15 22.792159
2 7 16 23.907075
2 7 17 19.509946
2 7 18 24.982528
2 7 19 21.900172
2 7 20 23.458979
2 7 21 23.833419
2 7 22 21.712358
2 7 23 14.631827
2 7 24 0.000000
2 7 25 21.410350
2 7 26 0.000000
2 7 27 16.819738
2 7 28 24.411292
2 7 29 0.000000
2 7 30 24.341078
2 7 31 19.055345
2 7 32 24.337997
2 7 33 23.765581
2 7 34 20.374300
2 7 35 20.519889
2 7 36 22.834016
2 7 37 30.993482
2 7 38 26.586054
2 7 39 22.781685
2 7 40 23.288528
2 7 41 34.362365
2 7 42 21.795398
2 7 43 24.489346
2 7 44 14.565688
2 7 45 23.559428
2 7 46 20.946889
2 7 47 21.179286
2 7 48 16.350073
2 7 49 19.915516
2 7 50 24.010826
2 7 51 22.941709
2 7 52 0.000000
2 7 53 19.307955
2 7 54 22.912415
2 7 55 21.601616
2 7 56 21.493340
2 7 57 22.869853
2 7 58 21.830922
2 7 59 20.092048
2 7 60 26.995778
2 7 61 21.629820
2 7 62 21.948564
2 7 63 23.834403
2 8 0 20.628212
2 8 1 21.783884
2 8 2 23.258274
2 8 3 0.000000
2 8 4 21.525879
2 8 5 20.418165
2 8 6 19.808619
2 8 7 22.886825
2 8 8 22.090393
2 8 9 21.762831
2 8 10 19.847385
2 8 11 17.864460
2 8 12 22.151003
2 8 13 22.166421
2 8 14 0.000000
2 8 15 22.956174
2 8 16 24.904398
2 8 17 25.704512
2 8 18 18.981636
2 8 19 18.532697
2 8 20 0.000000
2 8 21 20.851022
2 8 22 21.904968
2 8 23 26.745246
2 8 24 0.000000
2 8 25 20.787095
2 8 26 22.624266
2 8 27 22.566797
2 8 28 20.169784
2 8 29 17.241421
2 8 30 22.564858
2 8 31 0.000000
2 8 32 26.468408
2 8 33 25.093421
2 8 34 23.378515
2 8 35 21.632345
2 8 36 39.365466
2 8 37 0.000000
2 8 38 21.742256
2 8 39 21.172413
2 8 40 25.636573
2 8 41 22.091198
2 8 42 15.778031
2 8 43 22.669260
2 8 44 31.785459
2 8 45 17.307173
2 8 46 14.063026
2 8 47 22.834891
2 8 48 22.005059
2 8 49 23.361096
2 8 50 20.600265
2 8 51 18.787173
2 8 52 22.509543
2 8 53 21.579906
2 8 54 28.019304
2 8 55 22.271787
2 8 56 22.563433
2 8 57 16.908584
2 8 58 16.359169
2 8 59 22.451518
2 8 60 24.752396
2 8 61 18.818025
2 8 62 20.017628
2 8 63 22.285051
2 9 0 8.923342
2 9 1 19.942585
2 9 2 0.000000
2 9 3 21.877138
2 9 4 21.227477
2 9 5 22.986655
2 9 6 18.358384
2 9 7 20.347731
2 9 8 18.185856
2 9 9 21.773861
2 9 10 18.049996
2 9 11 19.713122
2 9 12 15.387582
2 9 13 20.758067
2 9 14 22.876609
2 9 15 23.547943
2 9 16 21.028608
2 9 17 20.434318
2 9 18 17.590275
2 9 19 22.430466
2 9 20 17.958448
2 9 21 18.172330
2 9 22 22.201211
2 9 23 19.841391
2 9 24 23.125661
2 9 25 21.179433
2 9 26 21.309554
2 9 27 18.681487
2 9 28 19.216931
2 9 29 21.083240
2 9 30 23.901084
2 9 31 17.566693
2 9 32 0.000000
2 9 33 23.294845
2 9 34 21.163754
2 9 35 19.484689
2 9 36 16.238913
2 9 37 0.000000
2 9 38 21.449326
2 9 39 0.000000
2 9 40 22.785679
2 9 41 17.994144
2 9 42 22.567672
2 9 43 18.974850
2 9 44 17.185472
2 9 45 18.343038
2 9 46 20.660791
2 9 47 29.876791
2 9 48 18.755080
2 9 49 9.622607
2 9 50 17.768459
2 9 51 17.913602
2 9 52 18.373957
2 9 53 0.000000
2 9 54 0.000000
2 9 55 21.972515
2 9 56 17.364990
2 9 57 19.504397
2 9 58 20.172888
2 9 59 0.000000
2 9 60 0.000000
2 9 61 18.902616
2 9 62 19.241412
2 9 63 21.673573
2 10 0 10.087809
2 10 1 20.095332
2 10 2 22.585734
2 10 3 20.823958
2 10 4 23.578720
2 10 5 22.234152
2 10 6 21.090798
2 10 7 19.139775
2 10 8 12.018017
2 10 9 19.774678
2 10 10 13.499781
2 10 11 22.069556
2 10 12 13.629541
2 10 13 15.870565
2 10 14 11.374565
2 10 15 15.125655
2 10 16 19.008569
2 10 17 15.747114
2 10 18 20.586677
2 10 19 0.000000
2 10 20 18.805171
2 10 21 0.000000
2 10 22 21.779413
2 10 23 14.932717
2 10 24 0.000000
2 10 25 24.961467
2 10 26 20.352598
2 10 27 22.915165
2 10 28 15.667397
2 10 29 20.982574
2 10 30 22.481456
2 10 31 16.096609
2 10 32 20.582016
2 10 33 20.856252
2 10 34 16.828546
2 10 35 24.349222
2 10 36 22.557640
2 10 37 0.000000
2 10 38 21.511001
2 10 39 13.852041
2 10 40 19.127248
2 10 41 22.206975
2 10 42 15.119530
2 10 43 21.750580
2 10 44 21.113949
2 10 45 21.777378
2 10 46 17.044817
2 10 47 18.558678
2 10 48 21.052946
2 10 49 20.321414
2 10 50 21.473662
2 10 51 18.227490
2 10 52 19.567007
2 10 53 21.852309
2 10 54 20.395682
2 10 55 18.188239
2 10 56 19.463407
2 10 57 18.892077
2 10 58 23.961670
2 10 59 18.762177
2 10 60 32.274869
2 10 61 23.814445
2 10 62 16.028517
2 10 63 15.297455
2 11 0 19.257860
2 11 1 23.624337
2 11 2 20.310343
2 11 3 11.859702
2 11 4 21.727891
2 11 5 11.396953
2 11 6 17.216111
2 11 7 14.163870
2 11 8 19.579885
2 11 9 24.353998
2 11 10 20.969492
2 11 11 20.486123
2 11 12 25.573848
2 11 13 23.271520
2 11 14 18.620242
2 11 15 20.857566
2 11 16 24.864589
2 11 17 0.000000
2 11 18 20.219010
2 11 19 15.310023
2 11 20 17.021228
2 11 21 18.622529
2 11 22 23.581703
2 11 23 18.234034
2 11 24 18.337089
2 11 25 19.274289
2 11 26 26.392706
2 11 27 24.096736
2 11 28 19.811457
2 11 29 22.704532
2 11 30 23.625478
2 11 31 20.324612
2 11 32 22.936829
2 11 33 21.839317
2 11 34 94.344649
2 11 35 21.870130
2 11 36 22.372365
2 11 37 0.000000
2 11 38 0.000000
2 11 39 0.000000
2 11 40 21.803131
2 11 41 19.117289
2 11 42 21.976303
2 11 43 22.300183
2 11 44 19.553427
2 11 45 20.977113
2 11 46 21.109450
2 11 47 96.019697
2 11 48 0.000000
2 11 49 20.891288
2 11 50 0.000000
2 11 51 20.608807
2 11 52 21.314930
2 11 53 88.783249
2 11 54 0.000000
2 11 55 19.688872
2 11 56 0.000000
2 11 57 17.574520
2 11 58 20.876621
2 11 59 17.547437
2 11 60 0.000000
2 11 61 0.000000
2 11 62 0.000000
2 11 63 21.666002
2 12 0 0.000000
2 12 1 16.869950
2 12 2 0.000000
2 12 3 0.000000
2 12 4 18.485588
2 12 5 22.995578
2 12 6 16.729265
2 12 7 28.036246
2 12 8 20.720107
2 12 9 22.035603
2 12 10 0.000000
2 12 11 20.947038
2 12 12 17.943618
2 12 13 20.858684
2 12 14 20.039285
2 12 15 21.264335
2 12 16 0.000000
2 12 17 22.377622
2 12 18 0.000000
2 12 19 48.642262
2 12 20 23.174730
2 12 21 16.981806
2 12 22 22.971857
2 12 23 22.918753
2 12 24 21.206694
2 12 25 22.446045
2 12 26 0.000000
2 12 27 0.000000
2 12 28 20.174996
2 12 29 22.840387
2 12 30 22.137044
2 12 31 18.014218
2 12 32 21.035070
2 12 33 17.650827
2 12 34 20.657720
2 12 35 21.599892
2 12 36 24.697146
2 12 37 0.000000
2 12 38 20.621226
2 12 39 20.326087
2 12 40 0.000000
2 12 41 21.150889
2 12 42 21.101081
2 12 43 23.181117
2 12 44 23.515244
2 12 45 21.157961
2 12 46 17.022500
2 12 47 0.000000
2 12 48 17.148340
2 12 49 21.133706
2 12 50 23.009183
2 12 51 16.721318
2 12 52 19.096734
2 12 53 21.134187
2 12 54 18.740003
2 12 55 9.024492
2 12 56 21.250202
2 12 57 20.145343
2 12 58 17.656029
2 12 59 13.200310
2 12 60 21.197101
2 12 61 35.408312
2 12 62 25.339302
2 12 63 18.270371
2 13 0 44.634141
2 13 1 0.000000
2 13 2 19.654034
2 13 3 20.832468
2 13 4 27.169285
2 13 5 23.732132
2 13 6 30.192011
2 13 7 14.078100
2 13 8 22.309172
2 13 9 33.530602
2 13 10 18.369263
2 13 11 25.645290
2 13 12 18.742032
2 13 13 24.927812
2 13 14 37.125905
2 13 15 20.196236
2 13 16 0.000000
2 13 17 34.176615
2 13 18 27.341601
2 13 19 19.384196
2 13 20 19.094790
2 13 21 16.360364
2 13 22 20.354268
2 13 23 20.406525
2 13 24 33.344001
2 13 25 21.019910
2 13 26 25.174552
2 13 27 21.363896
2 13 28 21.519640
2 13 29 24.300479
2 13 30 21.278046
2 13 31 20.984313
2 13 32 22.523824
2 13 33 22.944291
2 13 34 23.476528
2 13 35 19.214394
2 13 36 26.757240
2 13 37 94.580978
2 13 38 14.198033
2 13 39 21.161645
2 13 40 17.290061
2 13 41 20.834255
2 13 42 19.265725
2 13 43 23.045012
2 13 44 18.080379
2 13 45 21.958708
2 13 46 20.221040
2 13 47 14.660650
2 13 48 19.569005
2 13 49 28.717638
2 13 50 84.896748
2 13 51 16.280050
2 13 52 21.478949
2 13 53 16.545242
2 13 54 0.000000
2 13 55 15.190968
2 13 56 14.779745
2 13 57 20.077487
2 13 58 21.172862
2 13 59 20.631696
2 13 60 16.433291
2 13 61 18.065667
2 13 62 22.173423
2 13 63 20.677536
2 14 0 20.170861
2 14 1 21.952579
2 14 2 20.766831
2 14 3 21.091651
2 14 4 20.840446
2 14 5 24.206079
2 14 6 18.043745
2 14 7 17.440007
2 14 8 21.077956
2 14 9 21.531916
2 14 10 17.729656
2 14 11 28.707553
2 14 12 19.633806
2 14 13 14.792021
2 14 14 22.342745
2 14 15 17.677181
2 14 16 17.957548
2 14 17 18.390444
2 14 18 23.136414
2 14 19 20.282250
2 14 20 30.285339
2 14 21 18.283644
2 14 22 17.709586
2 14 23 0.000000
2 14 24 18.697468
2 14 25 22.571428
2 14 26 18.850881
2 14 27 15.586380
2 14 28 18.036188
2 14 29 19.344794
2 14 30 20.734212
2 14 31 0.000000
2 14 32 18.984387
2 14 33 16.345115
2 14 34 29.240616
2 14 35 17.160298
2 14 36 15.831221
2 14 37 0.000000
2 14 38 0.000000
2 14 39 20.009473
2 14 40 20.589529
2 14 41 13.142196
2 14 42 21.322578
2 14 43 20.227990
2 14 44 0.000000
2 14 45 18.705770
2 14 46 22.949594
2 14 47 15.611037
2 14 48 11.720915
2 14 49 0.000000
2 14 50 17.361423
2 14 51 18.277295
2 14 52 17.253802
2 14 53 12.996761
2 14 54 14.081065
2 14 55 13.439834
2 14 56 17.983630
2 14 57 34.249402
2 14 58 18.997047
2 14 59 12.588533
2 14 60 35.087140
2 14 61 16.202073
2 14 62 18.229244
2 14 63 18.864598
2 15 0 23.819746
2 15 1 19.662934
2 15 2 31.645664
2 15 3 19.450158
2 15 4 21.797314
2 15 5 18.980120
2 15 6 21.276824
2 15 7 17.531071
2 15 8 24.561197
2 15 9 12.782815
2 15 10 0.000000
2 15 11 25.631841
2 15 12 18.237476
2 15 13 13.164817
2 15 14 16.752938
2 15 15 18.194315
2 15 16 28.950547
2 15 17 25.151613
2 15 18 27.644356
2 15 19 16.183918
2 15 20 23.374158
2 15 21 18.574164
2 15 22 19.908083
2 15 23 86.592929
2 15 24 19.857238
2 15 25 18.446007
2 15 26 29.141463
2 15 27 45.074027
2 15 28 12.201587
2 15 29 19.557699
2 15 30 22.016304
2 15 31 28.454400
2 15 32 21.077825
2 15 33 13.231736
2 15 34 26.146123
2 15 35 16.514189
2 15 36 17.191813
2 15 37 19.408428
2 15 38 22.811938
2 15 39 24.193952
2 15 40 22.980518
2 15 41 17.379692
2 15 42 21.819335
2 15 43 19.557508
2 15 44 21.048211
2 15 45 20.678316
2 15 46 22.538618
2 15 47 19.861176
2 15 48 23.990293
2 15 49 23.889214
2 15 50 22.955946
2 15 51 27.773355
2 15 52 28.871015
2 15 53 20.073063
2 15 54 25.895956
2 15 55 22.693989
2 15 56 22.910757
2 15 57 23.191174
2 15 58 23.933836
2 15 59 17.417286
2 15 60 33.440509
2 15 61 38.056056
2 15 62 28.114918
2 15 63 24.610283
3 0 0 0.000000
3 0 1 0.000000
3 0 2 0.000000
3 0 3 0.000000
3 0 4 0.000000
3 0 5 0.000000
3 0 6 0.000000
3 0 7 0.000000
3 0 8 0.000000
3 0 9 0.000000
3 0 10 0.000000
3 0 11 0.000000
3 0 12 0.000000
3 0 13 0.000000
3 0 14 0.000000
3 0 15 0.000000
3 0 16 0.000000
3 0 17 0.000000
3 0 18 0.000000
3 0 19 0.000000
3 0 20 0.000000
3 0 21 0.000000
3 0 22 0.000000
3 0 23 0.000000
3 0 24 0.000000
3 0 25 0.000000
3 0 26 0.000000
3 0 27 0.000000
3 0 28 0.000000
3 0 29 0.000000
3 0 30 0.000000
3 0 31 0.000000
3 0 32 0.000000
3 0 33 0.000000
3 0 34 0.000000
3 0 35 0.000000
3 0 36 0.000000
3 0 37 0.000000
3 0 38 0.000000
3 0 39 0.000000
3 0 40 0.000000
3 0 41 0.000000
3 0 42 0.000000
3 0 43 0.000000
3 0 44 0.000000
3 0 45 0.000000
3 0 46 0.000000
3 0 47 0.000000
3 0 48 0.000000
3 0 49 0.000000
3 0 50 0.000000
3 0 51 0.000000
3 0 52 0.000000
3 0 53 0.000000
3 0 54 0.000000
3 0 55 0.000000
3 0 56 0.000000
3 0 57 0.000000
3 0 58 0.000000
3 0 59 0.000000
3 0 60 0.000000
3 0 61 0.000000
3 0 62 0.000000
3 0 63 0.000000
3 1 0 0.000000
3 1 1 38.577659
3 1 2 39.927011
3 1 3 0.000000
3 1 4 0.000000
3 1 5 0.000000
3 1 6 0.000000
3 1 7 33.239877
3 1 8 0.000000
3 1 9 33.262891
3 1 10 0.000000
3 1 11 0.000000
3 1 12 0.000000
3 1 13 0.000000
3 1 14 0.000000
3 1 15 0.000000
3 1 16 0.000000
3 1 17 0.000000
3 1 18 54.813686
3 1 19 0.000000
3 1 20 0.000000
3 1 21 36.692130
3 1 22 32.894361
3 1 23 0.000000
3 1 24 0.000000
3 1 25 0.000000
3 1 26 0.000000
3 1 27 0.000000
3 1 28 0.000000
3 1 29 0.000000
3 1 30 0.000000
3 1 31 0.000000
3 1 32 0.000000
3 1 33 0.000000
3 1 34 0.000000
3 1 35 0.000000
3 1 36 0.000000
3 1 37 0.000000
3 1 38 100.498788
3 1 39 0.000000
3 1 40 0.000000
3 1 41 0.000000
3 1 42 0.000000
3 1 43 0.000000
3 1 44 0.000000
3 1 45 0.000000
3 1 46 0.000000
3 1 47 0.000000
3 1 48 0.000000
3 1 49 119.491903
3 1 50 0.000000
3 1 51 0.000000
3 1 52 0.000000
3 1 53 0.000000
3 1 54 0.000000
3 1 55 0.000000
3 1 56 0.000000
3 1 57 0.000000
3 1 58 0.000000
3 1 59 0.000000
3 1 60 0.000000
3 1 61 0.000000
3 1 62 0.000000
3 1 63 0.000000
3 2 0 0.000000
3 2 1 0.000000
3 2 2 0.000000
3 2 3 0.000000
3 2 4 0.000000
3 2 5 0.000000
3 2 6 44.583436
3 2 7 0.000000
3 2 8 0.000000
3 2 9 0.000000
3 2 10 37.334965
3 2 11 0.000000
3 2 12 0.000000
3 2 13 0.000000
3 2 14 0.000000
3 2 15 0.000000
3 2 16 0.000000
3 2 17 0.000000
3 2 18 0.000000
3 2 19 0.000000
3 2 20 0.000000
3 2 21 0.000000
3 2 22 0.000000
3 2 23 0.000000
3 2 24 0.000000
3 2 25 0.000000
3 2 26 0.000000
3 2 27 0.000000
3 2 28 40.298993
3 2 29 0.000000
3 2 30 0.000000
3 2 31 0.000000
3 2 32 0.000000
3 2 33 0.000000
3 2 34 0.000000
3 2 35 0.000000
3 2 36 0.000000
3 2 37 124.586993
3 2 38 0.000000
3 2 39 0.000000
3 2 40 0.000000
3 2 41 0.000000
3 2 42 0.000000
3 2 43 0.000000
3 2 44 0.000000
3 2 45 0.000000
3 2 46 61.116877
3 2 47 0.000000
3 2 48 0.000000
3 2 49 0.000000
3 2 50 48.969212
3 2 51 0.000000
3 2 52 0.000000
3 2 53 0.000000
3 2 54 0.000000
3 2 55 48.454476
3 2 56 0.000000
3 2 57 44.714467
3 2 58 43.794926
3 2 59 0.000000
3 2 60 0.000000
3 2 61 0.000000
3 2 62 0.000000
3 2 63 0.000000
3 3 0 0.000000
3 3 1 0.000000
3 3 2 0.000000
3 3 3 38.216561
3 3 4 0.000000
3 3 5 0.000000
3 3 6 0.000000
3 3 7 35.026165
3 3 8 0.000000
3 3 9 0.000000
3 3 10 0.000000
3 3 11 0.000000
3 3 12 38.162851
3 3 13 45.797085
3 3 14 0.000000
3 3 15 42.466408
3 3 16 0.000000
3 3 17 0.000000
3 3 18 0.000000
3 3 19 0.000000
3 3 20 0.000000
3 3 21 38.776860
3 3 22 46.209779
3 3 23 35.983223
3 3 24 0.000000
3 3 25 41.414024
3 3 26 0.000000
3 3 27 38.241585
3 3 28 45.530573
3 3 29 38.858981
3 3 30 0.000000
3 3 31 41.306868
3 3 32 43.828311
3 3 33 40.600577
3 3 34 0.000000
3 3 35 0.000000
3 3 36 0.000000
3 3 37 0.000000
3 3 38 45.679079
3 3 39 39.321373
3 3 40 36.424251
3 3 41 40.830226
3 3 42 0.000000
3 3 43 0.000000
3 3 44 38.249134
3 3 45 0.000000
3 3 46 0.000000
3 3 47 0.000000
3 3 48 0.000000
3 3 49 0.000000
3 3 50 35.966498
3 3 51 0.000000
3 3 52 0.000000
3 3 53 0.000000
3 3 54 0.000000
3 3 55 0.000000
3 3 56 0.000000
3 3 57 0.000000
3 3 58 0.000000
3 3 59 0.000000
3 3 60 0.000000
3 3 61 45.427289
3 3 62 0.000000
3 3 63 0.000000
3 4 0 41.804936
3 4 1 52.246689
3 4 2 39.420459
3 4 3 0.000000
3 4 4 0.000000
3 4 5 55.563889
3 4 6 0.000000
3 4 7 0.000000
3 4 8 0.000000
3 4 9 0.000000
3 4 10 0.000000
3 4 11 0.000000
3 4 12 55.056123
3 4 13 0.000000
3 4 14 51.111099
3 4 15 0.000000
3 4 16 0.000000
3 4 17 0.000000
3 4 18 0.000000
3 4 19 0.000000
3 4 20 0.000000
3 4 21 44.946020
3 4 22 0.000000
3 4 23 0.000000
3 4 24 47.061726
3 4 25 0.000000
3 4 26 0.000000
3 4 27 0.000000
3 4 28 0.000000
3 4 29 0.000000
3 4 30 40.364799
3 4 31 0.000000
3 4 32 0.000000
3 4 33 0.000000
3 4 34 52.888012
3 4 35 0.000000
3 4 36 0.000000
3 4 37 0.000000
3 4 38 0.000000
3 4 39 0.000000
3 4 40 44.511142
3 4 41 0.000000
3 4 42 0.000000
3 4 43 0.000000
3 4 44 0.000000
3 4 45 0.000000
3 4 46 40.470939
3 4 47 0.000000
3 4 48 0.000000
3 4 49 47.447053
3 4 50 0.000000
3 4 51 49.069901
3 4 52 53.631892
3 4 53 41.644959
3 4 54 0.000000
3 4 55 0.000000
3 4 56 0.000000
3 4 57 0.000000
3 4 58 0.000000
3 4 59 0.000000
3 4 60 0.000000
3 4 61 54.713923
3 4 62 56.797955
3 4 63 0.000000
3 5 0 0.000000
3 5 1 34.680668
3 5 2 0.000000
3 5 3 39.244579
3 5 4 0.000000
3 5 5 46.405731
3 5 6 0.000000
3 5 7 0.000000
3 5 8 0.000000
3 5 9 44.163726
3 5 10 50.102947
3 5 11 0.000000
3 5 12 46.709730
3 5 13 0.000000
3 5 14 45.179508
3 5 15 0.000000
3 5 16 53.954127
3 5 17 0.000000
3 5 18 54.848300
3 5 19 48.680016
3 5 20 41.805710
3 5 21 0.000000
3 5 22 52.157477
3 5 23 40.687484
3 5 24 39.984744
3 5 25 54.375905
3 5 26 41.399587
3 5 27 0.000000
3 5 28 39.475131
3 5 29 40.019447
3 5 30 62.189953
3 5 31 57.495320
3 5 32 48.537583
3 5 33 0.000000
3 5 34 0.000000
3 5 35 51.539146
3 5 36 44.373981
3 5 37 0.000000
3 5 38 0.000000
3 5 39 38.554415
3 5 40 48.132200
3 5 41 0.000000
3 5 42 41.431867
3 5 43 39.990695
3 5 44 0.000000
3 5 45 51.403409
3 5 46 47.899710
3 5 47 0.000000
3 5 48 0.000000
3 5 49 43.883596
3 5 50 0.000000
3 5 51 0.000000
3 5 52 42.277810
3 5 53 54.009804
3 5 54 43.920290
3 5 55 0.000000
3 5 56 41.178210
3 5 57 40.979414
3 5 58 48.105213
3 5 59 0.000000
3 5 60 53.253531
3 5 61 0.000000
3 5 62 0.000000
3 5 63 48.333796
3 6 0 0.000000
3 6 1 0.000000
3 6 2 41.549088
3 6 3 0.000000
3 6 4 50.113134
3 6 5 0.000000
3 6 6 0.000000
3 6 7 0.000000
3 6 8 51.612050
3 6 9 0.000000
3 6 10 0.000000
3 6 11 0.000000
3 6 12 0.000000
3 6 13 0.000000
3 6 14 54.128671
3 6 15 0.000000
3 6 16 0.000000
3 6 17 0.000000
3 6 18 0.000000
3 6 19 0.000000
3 6 20 0.000000
3 6 21 0.000000
3 6 22 0.000000
3 6 23 0.000000
3 6 24 0.000000
3 6 25 0.000000
3 6 26 0.000000
3 6 27 0.000000
3 6 28 0.000000
3 6 29 0.000000
3 6 30 0.000000
3 6 31 0.000000
3 6 32 0.000000
3 6 33 0.000000
3 6 34 39.284209
3 6 35 0.000000
3 6 36 0.000000
3 6 37 0.000000
3 6 38 0.000000
3 6 39 35.875513
3 6 40 53.876050
3 6 41 0.000000
3 6 42 0.000000
3 6 43 43.730950
3 6 44 0.000000
3 6 45 0.000000
3 6 46 0.000000
3 6 47 0.000000
3 6 48 0.000000
3 6 49 0.000000
3 6 50 0.000000
3 6 51 39.619985
3 6 52 0.000000
3 6 53 0.000000
3 6 54 0.000000
3 6 55 46.739452
3 6 56 0.000000
3 6 57 0.000000
3 6 58 0.000000
3 6 59 47.667512
3 6 60 0.000000
3 6 61 0.000000
3 6 62 42.303082
3 6 63 40.908319
3 7 0 0.000000
3 7 1 0.000000
3 7 2 0.000000
3 7 3 37.404574
3 7 4 0.000000
3 7 5 0.000000
3 7 6 39.857332
3 7 7 41.484801
3 7 8 0.000000
3 7 9 0.000000
3 7 10 52.157533
3 7 11 0.000000
3 7 12 0.000000
3 7 13 40.981151
3 7 14 0.000000
3 7 15 0.000000
3 7 16 0.000000
3 7 17 0.000000
3 7 18 0.000000
3 7 19 43.754130
3 7 20 0.000000
3 7 21 0.000000
3 7 22 46.250215
3 7 23 0.000000
3 7 24 0.000000
3 7 25 54.212552
3 7 26 0.000000
3 7 27 0.000000
3 7 28 47.772011
3 7 29 0.000000
3 7 30 40.487058
3 7 31 52.805545
3 7 32 46.642241
3 7 33 45.732079
3 7 34 36.789016
3 7 35 48.536380
3 7 36 0.000000
3 7 37 41.501469
3 7 38 47.654036
3 7 39 39.050258
3 7 40 0.000000
3 7 41 54.285886
3 7 42 39.657121
3 7 43 0.000000
3 7 44 45.438767
3 7 45 46.106348
3 7 46 0.000000
3 7 47 49.212242
3 7 48 41.695272
3 7 49 45.357834
3 7 50 44.300244
3 7 51 0.000000
3 7 52 0.000000
3 7 53 38.781640
3 7 54 0.000000
3 7 55 38.123485
3 7 56 0.000000
3 7 57 0.000000
3 7 58 43.257445
3 7 59 0.000000
3 7 60 53.297373
3 7 61 0.000000
3 7 62 0.000000
3 7 63 0.000000
3 8 0 0.000000
3 8 1 0.000000
3 8 2 0.000000
3 8 3 0.000000
3 8 4 0.000000
3 8 5 0.000000
3 8 6 0.000000
3 8 7 39.297191
3 8 8 0.000000
3 8 9 0.000000
3 8 10 0.000000
3 8 11 34.013951
3 8 12 0.000000
3 8 13 0.000000
3 8 14 0.000000
3 8 15 0.000000
3 8 16 0.000000
3 8 17 0.000000
3 8 18 0.000000
3 8 19 34.589236
3 8 20 41.295618
3 8 21 0.000000
3 8 22 0.000000
3 8 23 0.000000
3 8 24 0.000000
3 8 25 42.581156
3 8 26 0.000000
3 8 27 0.000000
3 8 28 0.000000
3 8 29 0.000000
3 8 30 48.271860
3 8 31 0.000000
3 8 32 0.000000
3 8 33 0.000000
3 8 34 0.000000
3 8 35 46.142793
3 8 36 36.044139
3 8 37 49.119799
3 8 38 0.000000
3 8 39 45.839217
3 8 40 46.465285
3 8 41 0.000000
3 8 42 44.393996
3 8 43 0.000000
3 8 44 46.208690
3 8 45 37.312127
3 8 46 46.713665
3 8 47 0.000000
3 8 48 51.253350
3 8 49 46.861937
3 8 50 42.404680
3 8 51 0.000000
3 8 52 47.625441
3 8 53 44.787771
3 8 54 0.000000
3 8 55 43.089148
3 8 56 45.333129
3 8 57 46.172524
3 8 58 49.687242
3 8 59 46.739190
3 8 60 45.586110
3 8 61 38.067816
3 8 62 48.669149
3 8 63 57.255645
3 9 0 0.000000
3 9 1 47.258555
3 9 2 0.000000
3 9 3 0.000000
3 9 4 38.292866
3 9 5 0.000000
3 9 6 0.000000
3 9 7 36.478009
3 9 8 0.000000
3 9 9 0.000000
3 9 10 0.000000
3 9 11 47.268299
3 9 12 0.000000
3 9 13 0.000000
3 9 14 45.862056
3 9 15 37.569890
3 9 16 0.000000
3 9 17 54.140027
3 9 18 0.000000
3 9 19 0.000000
3 9 20 0.000000
3 9 21 37.941551
3 9 22 43.779648
3 9 23 40.187452
3 9 24 0.000000
3 9 25 0.000000
3 9 26 52.373183
3 9 27 0.000000
3 9 28 0.000000
3 9 29 0.000000
3 9 30 0.000000
3 9 31 0.000000
3 9 32 0.000000
3 9 33 0.000000
3 9 34 0.000000
3 9 35 43.273205
3 9 36 0.000000
3 9 37 0.000000
3 9 38 0.000000
3 9 39 0.000000
3 9 40 0.000000
3 9 41 0.000000
3 9 42 0.000000
3 9 43 47.362651
3 9 44 0.000000
3 9 45 40.229928
3 9 46 44.086440
3 9 47 0.000000
3 9 48 0.000000
3 9 49 0.000000
3 9 50 0.000000
3 9 51 0.000000
3 9 52 0.000000
3 9 53 0.000000
3 9 54 0.000000
3 9 55 0.000000
3 9 56 0.000000
3 9 57 46.463902
3 9 58 0.000000
3 9 59 0.000000
3 9 60 0.000000
3 9 61 32.056395
3 9 62 0.000000
3 9 63 0.000000
3 10 0 0.000000
3 10 1 0.000000
3 10 2 0.000000
3 10 3 0.000000
3 10 4 0.000000
3 10 5 54.591666
3 10 6 0.000000
3 10 7 40.274603
3 10 8 0.000000
3 10 9 0.000000
3 10 10 0.000000
3 10 11 0.000000
3 10 12 0.000000
3 10 13 0.000000
3 10 14 0.000000
3 10 15 48.351547
3 10 16 35.512497
3 10 17 46.930464
3 10 18 0.000000
3 10 19 0.000000
3 10 20 39.211901
3 10 21 0.000000
3 10 22 38.640105
3 10 23 53.081872
3 10 24 42.890686
3 10 25 0.000000
3 10 26 42.303620
3 10 27 0.000000
3 10 28 43.002981
3 10 29 49.437076
3 10 30 62.019878
3 10 31 47.971746
3 10 32 42.421998
3 10 33 59.305382
3 10 34 0.000000
3 10 35 45.669715
3 10 36 0.000000
3 10 37 0.000000
3 10 38 60.167531
3 10 39 51.139222
3 10 40 61.641548
3 10 41 55.766563
3 10 42 49.052303
3 10 43 54.448171
3 10 44 57.068180
3 10 45 52.359975
3 10 46 51.313050
3 10 47 48.300474
3 10 48 41.044411
3 10 49 48.625794
3 10 50 0.000000
3 10 51 0.000000
3 10 52 42.629460
3 10 53 52.328731
3 10 54 47.259212
3 10 55 49.695789
3 10 56 45.058381
3 10 57 46.705827
3 10 58 51.112054
3 10 59 0.000000
3 10 60 56.178113
3 10 61 46.611641
3 10 62 50.178831
3 10 63 49.080664
3 11 0 40.025218
3 11 1 46.574213
3 11 2 38.355207
3 11 3 53.452309
3 11 4 55.620601
3 11 5 41.241803
3 11 6 44.333604
3 11 7 53.129352
3 11 8 0.000000
3 11 9 53.322988
3 11 10 0.000000
3 11 11 40.691855
3 11 12 38.103730
3 11 13 53.952853
3 11 14 48.123201
3 11 15 55.959210
3 11 16 42.713413
3 11 17 41.536723
3 11 18 54.626615
3 11 19 0.000000
3 11 20 0.000000
3 11 21 50.227695
3 11 22 0.000000
3 11 23 0.000000
3 11 24 0.000000
3 11 25 0.000000
3 11 26 47.508105
3 11 27 39.843916
3 11 28 58.371643
3 11 29 51.209847
3 11 30 56.956108
3 11 31 0.000000
3 11 32 0.000000
3 11 33 0.000000
3 11 34 40.181878
3 11 35 0.000000
3 11 36 0.000000
3 11 37 0.000000
3 11 38 0.000000
3 11 39 0.000000
3 11 40 0.000000
3 11 41 0.000000
3 11 42 49.392072
3 11 43 0.000000
3 11 44 0.000000
3 11 45 0.000000
3 11 46 50.430645
3 11 47 0.000000
3 11 48 0.000000
3 11 49 42.987344
3 11 50 0.000000
3 11 51 39.400739
3 11 52 0.000000
3 11 53 0.000000
3 11 54 0.000000
3 11 55 0.000000
3 11 56 0.000000
3 11 57 0.000000
3 11 58 0.000000
3 11 59 0.000000
3 11 60 0.000000
3 11 61 0.000000
3 11 62 0.000000
3 11 63 0.000000
3 12 0 49.976147
3 12 1 49.681903
3 12 2 0.000000
3 12 3 57.707517
3 12 4 57.604531
3 12 5 53.739666
3 12 6 50.893544
3 12 7 0.000000
3 12 8 55.983613
3 12 9 52.668316
3 12 10 40.770998
3 12 11 60.452256
3 12 12 58.638457
3 12 13 48.749883
3 12 14 0.000000
3 12 15 63.547222
3 12 16 0.000000
3 12 17 47.928213
3 12 18 40.216801
3 12 19 45.623594
3 12 20 56.338184
3 12 21 48.249989
3 12 22 51.209781
3 12 23 54.419041
3 12 24 51.507877
3 12 25 0.000000
3 12 26 59.570310
3 12 27 62.262505
3 12 28 0.000000
3 12 29 58.757854
3 12 30 56.055649
3 12 31 58.362887
3 12 32 54.382180
3 12 33 60.863417
3 12 34 64.575298
3 12 35 50.907143
3 12 36 66.699696
3 12 37 0.000000
3 12 38 53.355145
3 12 39 53.596015
3 12 40 62.697277
3 12 41 0.000000
3 12 42 62.770329
3 12 43 54.384740
3 12 44 60.856311
3 12 45 60.741673
3 12 46 60.276278
3 12 47 51.691849
3 12 48 0.000000
3 12 49 65.794141
3 12 50 38.719313
3 12 51 43.258366
3 12 52 56.042811
3 12 53 50.962468
3 12 54 55.677886
3 12 55 53.790129
3 12 56 50.833115
3 12 57 60.539407
3 12 58 63.528023
3 12 59 48.757121
3 12 60 56.386186
3 12 61 0.000000
3 12 62 49.244912
3 12 63 63.072125
3 13 0 0.000000
3 13 1 56.475813
3 13 2 57.355388
3 13 3 38.630066
3 13 4 60.986932
3 13 5 68.101718
3 13 6 0.000000
3 13 7 43.439455
3 13 8 56.962114
3 13 9 47.334753
3 13 10 58.457981
3 13 11 67.818753
3 13 12 65.909913
3 13 13 42.850989
3 13 14 62.203934
3 13 15 57.384107
3 13 16 53.249011
3 13 17 56.719051
3 13 18 71.923054
3 13 19 59.182876
3 13 20 63.223568
3 13 21 53.655107
3 13 22 62.623413
3 13 23 65.864407
3 13 24 52.291501
3 13 25 42.325963
3 13 26 56.824637
3 13 27 63.580383
3 13 28 47.479761
3 13 29 61.225995
3 13 30 59.392114
3 13 31 43.447763
3 13 32 54.372872
3 13 33 49.327024
3 13 34 50.852225
3 13 35 54.011653
3 13 36 55.450378
3 13 37 107.675715
3 13 38 49.886803
3 13 39 36.766980
3 13 40 68.510683
3 13 41 47.719071
3 13 42 54.118557
3 13 43 67.504932
3 13 44 40.518431
3 13 45 50.689737
3 13 46 56.576713
3 13 47 45.784403
3 13 48 58.051118
3 13 49 60.906573
3 13 50 43.348257
3 13 51 45.122364
3 13 52 62.307950
3 13 53 45.344266
3 13 54 59.993481
3 13 55 58.766180
3 13 56 49.976402
3 13 57 45.693180
3 13 58 46.175772
3 13 59 48.585916
3 13 60 36.989896
3 13 61 42.578628
3 13 62 47.904140
3 13 63 51.304853
3 14 0 50.600015
3 14 1 56.097054
3 14 2 55.616278
3 14 3 58.370756
3 14 4 56.550352
3 14 5 64.307752
3 14 6 52.553427
3 14 7 0.000000
3 14 8 67.226880
3 14 9 55.153624
3 14 10 59.777412
3 14 11 49.590569
3 14 12 63.782375
3 14 13 56.092986
3 14 14 56.616698
3 14 15 60.569312
3 14 16 48.964689
3 14 17 51.143370
3 14 18 54.085931
3 14 19 52.865132
3 14 20 59.234835
3 14 21 0.000000
3 14 22 55.863680
3 14 23 63.683955
3 14 24 55.692098
3 14 25 54.803561
3 14 26 59.515899
3 14 27 49.629165
3 14 28 57.596083
3 14 29 71.742700
3 14 30 64.298242
3 14 31 44.344604
3 14 32 56.778880
3 14 33 56.865158
3 14 34 64.592068
3 14 35 50.747812
3 14 36 53.113213
3 14 37 124.359406
3 14 38 49.367048
3 14 39 42.069417
3 14 40 62.572060
3 14 41 58.923549
3 14 42 64.636877
3 14 43 62.090412
3 14 44 0.000000
3 14 45 57.274448
3 14 46 60.374394
3 14 47 0.000000
3 14 48 56.190435
3 14 49 60.393743
3 14 50 52.377936
3 14 51 45.479777
3 14 52 38.515051
3 14 53 51.966130
3 14 54 53.149932
3 14 55 57.013198
3 14 56 50.802719
3 14 57 43.930571
3 14 58 52.056579
3 14 59 40.960228
3 14 60 0.000000
3 14 61 0.000000
3 14 62 52.063691
3 14 63 0.000000
3 15 0 41.241946
3 15 1 0.000000
3 15 2 38.070162
3 15 3 30.428860
3 15 4 53.258134
3 15 5 0.000000
3 15 6 0.000000
3 15 7 101.336080
3 15 8 42.869508
3 15 9 0.000000
3 15 10 0.000000
3 15 11 56.025922
3 15 12 0.000000
3 15 13 0.000000
3 15 14 34.048768
3 15 15 46.719712
3 15 16 0.000000
3 15 17 54.364328
3 15 18 52.151078
3 15 19 0.000000
3 15 20 40.812286
3 15 21 0.000000
3 15 22 48.183418
3 15 23 55.854905
3 15 24 42.675085
3 15 25 0.000000
3 15 26 59.542496
3 15 27 52.848763
3 15 28 52.995414
3 15 29 52.847298
3 15 30 54.786983
3 15 31 40.943541
3 15 32 46.089999
3 15 33 45.233199
3 15 34 60.901415
3 15 35 0.000000
3 15 36 57.977923
3 15 37 55.845247
3 15 38 50.481806
3 15 39 50.168051
3 15 40 51.343526
3 15 41 0.000000
3 15 42 64.988842
3 15 43 55.463705
3 15 44 41.855310
3 15 45 42.031574
3 15 46 58.452517
3 15 47 51.070840
3 15 48 58.796473
3 15 49 58.569794
3 15 50 47.998583
3 15 51 50.957284
3 15 52 57.316033
3 15 53 46.851419
3 15 54 58.162538
3 15 55 53.054771
3 15 56 52.779410
3 15 57 56.074193
3 15 58 48.550484
3 15 59 52.781838
3 15 60 47.397539
3 15 61 50.152759
3 15 62 47.335621
3 15 63 60.627508
4 0 0 0.000000
4 0 1 0.000000
4 0 2 0.000000
4 0 3 0.000000
4 0 4 52.720740
4 0 5 0.000000
4 0 6 0.000000
4 0 7 0.000000
4 0 8 0.000000
4 0 9 0.000000
4 0 10 0.000000
4 0 11 0.000000
4 0 12 0.000000
4 0 13 0.000000
4 0 14 0.000000
4 0 15 49.851307
4 0 16 0.000000
4 0 17 0.000000
4 0 18 53.001890
4 0 19 0.000000
4 0 20 51.243798
4 0 21 0.000000
4 0 22 0.000000
4 0 23 53.371869
4 0 24 0.000000
4 0 25 0.000000
4 0 26 0.000000
4 0 27 50.633279
4 0 28 0.000000
4 0 29 0.000000
4 0 30 53.994080
4 0 31 0.000000
4 0 32 52.045448
4 0 33 48.974718
4 0 34 0.000000
4 0 35 0.000000
4 0 36 0.000000
4 0 37 0.000000
4 0 38 0.000000
4 0 39 50.339541
4 0 40 0.000000
4 0 41 0.000000
4 0 42 0.000000
4 0 43 0.000000
4 0 44 45.888626
4 0 45 47.742650
4 0 46 0.000000
4 0 47 0.000000
4 0 48 0.000000
4 0 49 48.443027
4 0 50 48.869761
4 0 51 0.000000
4 0 52 49.138542
4 0 53 0.000000
4 0 54 48.400491
4 0 55 47.888171
4 0 56 0.000000
4 0 57 34.987851
4 0 58 47.427933
4 0 59 45.459532
4 0 60 47.353837
4 0 61 0.000000
4 0 62 0.000000
4 0 63 0.000000
4 1 0 0.000000
4 1 1 0.000000
4 1 2 0.000000
4 1 3 0.000000
4 1 4 0.000000
4 1 5 0.000000
4 1 6 0.000000
4 1 7 0.000000
4 1 8 0.000000
4 1 9 0.000000
4 1 10 0.000000
4 1 11 0.000000
4 1 12 0.000000
4 1 13 0.000000
4 1 14 0.000000
4 1 15 52.197426
4 1 16 0.000000
4 1 17 0.000000
4 1 18 0.000000
4 1 19 0.000000
4 1 20 0.000000
4 1 21 31.752653
4 1 22 0.000000
4 1 23 0.000000
4 1 24 0.000000
4 1 25 0.000000
4 1 26 0.000000
4 1 27 45.443728
4 1 28 43.553247
4 1 29 0.000000
4 1 30 47.804140
4 1 31 0.000000
4 1 32 49.139302
4 1 33 49.035654
4 1 34 0.000000
4 1 35 0.000000
4 1 36 45.301426
4 1 37 0.000000
4 1 38 0.000000
4 1 39 0.000000
4 1 40 0.000000
4 1 41 0.000000
4 1 42 0.000000
4 1 43 0.000000
4 1 44 0.000000
4 1 45 49.142788
4 1 46 0.000000
4 1 47 0.000000
4 1 48 0.000000
4 1 49 0.000000
4 1 50 0.000000
4 1 51 0.000000
4 1 52 0.000000
4 1 53 0.000000
4 1 54 0.000000
4 1 55 0.000000
4 1 56 0.000000
4 1 57 0.000000
4 1 58 0.000000
4 1 59 0.000000
4 1 60 0.000000
4 1 61 0.000000
4 1 62 0.000000
4 1 63 0.000000
4 2 0 0.000000
4 2 1 0.000000
4 2 2 0.000000
4 2 3 0.000000
4 2 4 0.000000
4 2 5 0.000000
4 2 6 0.000000
4 2 7 0.000000
4 2 8 0.000000
4 2 9 42.116453
4 2 10 0.000000
4 2 11 0.000000
4 2 12 0.000000
4 2 13 0.000000
4 2 14 0.000000
4 2 15 0.000000
4 2 16 0.000000
4 2 17 0.000000
4 2 18 0.000000
4 2 19 0.000000
4 2 20 50.983456
4 2 21 44.780279
4 2 22 0.000000
4 2 23 0.000000
4 2 24 0.000000
4 2 25 0.000000
4 2 26 0.000000
4 2 27 0.000000
4 2 28 0.000000
4 2 29 0.000000
4 2 30 53.895950
4 2 31 0.000000
4 2 32 0.000000
4 2 33 54.900616
4 2 34 0.000000
4 2 35 0.000000
4 2 36 51.655686
4 2 37 0.000000
4 2 38 0.000000
4 2 39 50.224532
4 2 40 0.000000
4 2 41 0.000000
4 2 42 0.000000
4 2 43 32.259638
4 2 44 0.000000
4 2 45 52.157375
4 2 46 0.000000
4 2 47 0.000000
4 2 48 0.000000
4 2 49 0.000000
4 2 50 51.196545
4 2 51 0.000000
4 2 52 0.000000
4 2 53 0.000000
4 2 54 0.000000
4 2 55 0.000000
4 2 56 51.662307
4 2 57 45.785553
4 2 58 0.000000
4 2 59 0.000000
4 2 60 0.000000
4 2 61 0.000000
4 2 62 0.000000
4 2 63 48.561365
4 3 0 0.000000
4 3 1 0.000000
4 3 2 0.000000
4 3 3 0.000000
4 3 4 0.000000
4 3 5 0.000000
4 3 6 0.000000
4 3 7 43.906578
4 3 8 0.000000
4 3 9 33.781842
4 3 10 35.253240
4 3 11 0.000000
4 3 12 0.000000
4 3 13 0.000000
4 3 14 0.000000
4 3 15 41.162045
4 3 16 0.000000
4 3 17 0.000000
4 3 18 0.000000
4 3 19 0.000000
4 3 20 0.000000
4 3 21 55.227916
4 3 22 48.483770
4 3 23 0.000000
4 3 24 0.000000
4 3 25 0.000000
4 3 26 0.000000
4 3 27 0.000000
4 3 28 0.000000
4 3 29 0.000000
4 3 30 0.000000
4 3 31 0.000000
4 3 32 0.000000
4 3 33 0.000000
4 3 34 0.000000
4 3 35 45.448998
4 3 36 0.000000
4 3 37 0.000000
4 3 38 0.000000
4 3 39 0.000000
4 3 40 35.522694
4 3 41 0.000000
4 3 42 0.000000
4 3 43 0.000000
4 3 44 0.000000
4 3 45 0.000000
4 3 46 0.000000
4 3 47 41.091645
4 3 48 0.000000
4 3 49 0.000000
4 3 50 0.000000
4 3 51 0.000000
4 3 52 0.000000
4 3 53 0.000000
4 3 54 0.000000
4 3 55 0.000000
4 3 56 0.000000
4 3 57 0.000000
4 3 58 0.000000
4 3 59 0.000000
4 3 60 0.000000
4 3 61 0.000000
4 3 62 0.000000
4 3 63 0.000000
4 4 0 0.000000
4 4 1 0.000000
4 4 2 0.000000
4 4 3 0.000000
4 4 4 0.000000
4 4 5 0.000000
4 4 6 0.000000
4 4 7 0.000000
4 4 8 0.000000
4 4 9 0.000000
4 4 10 0.000000
4 4 11 0.000000
4 4 12 0.000000
4 4 13 0.000000
4 4 14 0.000000
4 4 15 0.000000
4 4 16 0.000000
4 4 17 0.000000
4 4 18 0.000000
4 4 19 0.000000
4 4 20 0.000000
4 4 21 0.000000
4 4 22 0.000000
4 4 23 0.000000
4 4 24 0.000000
4 4 25 0.000000
4 4 26 0.000000
4 4 27 0.000000
4 4 28 0.000000
4 4 29 0.000000
4 4 30 0.000000
4 4 31 0.000000
4 4 32 0.000000
4 4 33 0.000000
4 4 34 0.000000
4 4 35 0.000000
4 4 36 0.000000
4 4 37 0.000000
4 4 38 0.000000
4 4 39 0.000000
4 4 40 0.000000
4 4 41 0.000000
4 4 42 0.000000
4 4 43 0.000000
4 4 44 0.000000
4 4 45 0.000000
4 4 46 0.000000
4 4 47 0.000000
4 4 48 0.000000
4 4 49 0.000000
4 4 50 0.000000
4 4 51 0.000000
4 4 52 0.000000
4 4 53 0.000000
4 4 54 0.000000
4 4 55 0.000000
4 4 56 0.000000
4 4 57 0.000000
4 4 58 0.000000
4 4 59 0.000000
4 4 60 0.000000
4 4 61 0.000000
4 4 62 0.000000
4 4 63 0.000000
4 5 0 0.000000
4 5 1 0.000000
4 5 2 0.000000
4 5 3 0.000000
4 5 4 0.000000
4 5 5 0.000000
4 5 6 0.000000
4 5 7 0.000000
4 5 8 0.000000
4 5 9 0.000000
4 5 10 0.000000
4 5 11 0.000000
4 5 12 0.000000
4 5 13 0.000000
4 5 14 0.000000
4 5 15 0.000000
4 5 16 0.000000
4 5 17 0.000000
4 5 18 0.000000
4 5 19 0.000000
4 5 20 0.000000
4 5 21 0.000000
4 5 22 0.000000
4 5 23 0.000000
4 5 24 0.000000
4 5 25 57.067627
4 5 26 0.000000
4 5 27 0.000000
4 5 28 0.000000
4 5 29 0.000000
4 5 30 0.000000
4 5 31 0.000000
4 5 32 0.000000
4 5 33 56.925456
4 5 34 0.000000
4 5 35 0.000000
4 5 36 0.000000
4 5 37 0.000000
4 5 38 55.585556
4 5 39 0.000000
4 5 40 0.000000
4 5 41 0.000000
4 5 42 0.000000
4 5 43 0.000000
4 5 44 106.592470
4 5 45 0.000000
4 5 46 0.000000
4 5 47 44.263994
4 5 48 51.937554
4 5 49 0.000000
4 5 50 55.807325
4 5 51 0.000000
4 5 52 0.000000
4 5 53 49.507729
4 5 54 0.000000
4 5 55 0.000000
4 5 56 0.000000
4 5 57 0.000000
4 5 58 0.000000
4 5 59 0.000000
4 5 60 0.000000
4 5 61 0.000000
4 5 62 0.000000
4 5 63 0.000000
4 6 0 0.000000
4 6 1 0.000000
4 6 2 0.000000
4 6 3 0.000000
4 6 4 0.000000
4 6 5 0.000000
4 6 6 0.000000
4 6 7 0.000000
4 6 8 0.000000
4 6 9 0.000000
4 6 10 0.000000
4 6 11 0.000000
4 6 12 0.000000
4 6 13 0.000000
4 6 14 0.000000
4 6 15 0.000000
4 6 16 0.000000
4 6 17 0.000000
4 6 18 0.000000
4 6 19 0.000000
4 6 20 0.000000
4 6 21 0.000000
4 6 22 0.000000
4 6 23 0.000000
4 6 24 0.000000
4 6 25 0.000000
4 6 26 0.000000
4 6 27 0.000000
4 6 28 0.000000
4 6 29 0.000000
4 6 30 0.000000
4 6 31 0.000000
4 6 32 0.000000
4 6 33 0.000000
4 6 34 0.000000
4 6 35 0.000000
4 6 36 0.000000
4 6 37 0.000000
4 6 38 0.000000
4 6 39 0.000000
4 6 40 0.000000
4 6 41 0.000000
4 6 42 0.000000
4 6 43 0.000000
4 6 44 0.000000
4 6 45 0.000000
4 6 46 0.000000
4 6 47 0.000000
4 6 48 0.000000
4 6 49 0.000000
4 6 50 0.000000
4 6 51 0.000000
4 6 52 0.000000
4 6 53 0.000000
4 6 54 0.000000
4 6 55 0.000000
4 6 56 0.000000
4 6 57 0.000000
4 6 58 0.000000
4 6 59 0.000000
4 6 60 0.000000
4 6 61 0.000000
4 6 62 0.000000
4 6 63 0.000000
4 7 0 0.000000
4 7 1 0.000000
4 7 2 0.000000
4 7 3 0.000000
4 7 4 0.000000
4 7 5 0.000000
4 7 6 0.000000
4 7 7 0.000000
4 7 8 0.000000
4 7 9 36.429474
4 7 10 34.846366
4 7 11 0.000000
4 7 12 0.000000
4 7 13 43.554129
4 7 14 0.000000
4 7 15 44.014414
4 7 16 43.683506
4 7 17 0.000000
4 7 18 44.110731
4 7 19 45.229734
4 7 20 44.365987
4 7 21 36.478485
4 7 22 41.371509
4 7 23 0.000000
4 7 24 0.000000
4 7 25 46.566674
4 7 26 38.286393
4 7 27 40.660327
4 7 28 47.231969
4 7 29 33.456219
4 7 30 0.000000
4 7 31 43.067810
4 7 32 35.635927
4 7 33 0.000000
4 7 34 33.527655
4 7 35 47.639367
4 7 36 0.000000
4 7 37 36.549507
4 7 38 45.158199
4 7 39 32.876614
4 7 40 0.000000
4 7 41 47.880273
4 7 42 0.000000
4 7 43 0.000000
4 7 44 41.751038
4 7 45 48.143004
4 7 46 0.000000
4 7 47 49.927746
4 7 48 0.000000
4 7 49 0.000000
4 7 50 42.253398
4 7 51 0.000000
4 7 52 0.000000
4 7 53 38.088467
4 7 54 38.900953
4 7 55 35.400725
4 7 56 33.442286
4 7 57 0.000000
4 7 58 0.000000
4 7 59 0.000000
4 7 60 35.521146
4 7 61 41.793239
4 7 62 0.000000
4 7 63 38.905387
4 8 0 0.000000
4 8 1 0.000000
4 8 2 41.435313
4 8 3 0.000000
4 8 4 0.000000
4 8 5 44.948476
4 8 6 0.000000
4 8 7 0.000000
4 8 8 0.000000
4 8 9 0.000000
4 8 10 0.000000
4 8 11 0.000000
4 8 12 48.534670
4 8 13 0.000000
4 8 14 0.000000
4 8 15 0.000000
4 8 16 0.000000
4 8 17 46.244944
4 8 18 0.000000
4 8 19 0.000000
4 8 20 57.783624
4 8 21 0.000000
4 8 22 0.000000
4 8 23 53.685395
4 8 24 0.000000
4 8 25 0.000000
4 8 26 49.127158
4 8 27 0.000000
4 8 28 0.000000
4 8 29 47.608687
4 8 30 0.000000
4 8 31 0.000000
4 8 32 47.157084
4 8 33 48.342656
4 8 34 0.000000
4 8 35 0.000000
4 8 36 48.823891
4 8 37 0.000000
4 8 38 0.000000
4 8 39 39.516524
4 8 40 53.183261
4 8 41 50.087741
4 8 42 0.000000
4 8 43 0.000000
4 8 44 0.000000
4 8 45 51.603095
4 8 46 48.283313
4 8 47 48.330193
4 8 48 0.000000
4 8 49 46.505142
4 8 50 0.000000
4 8 51 0.000000
4 8 52 35.368035
4 8 53 0.000000
4 8 54 0.000000
4 8 55 40.851210
4 8 56 33.516510
4 8 57 38.520774
4 8 58 51.259329
4 8 59 0.000000
4 8 60 0.000000
4 8 61 0.000000
4 8 62 47.573120
4 8 63 51.199217
4 9 0 0.000000
4 9 1 0.000000
4 9 2 0.000000
4 9 3 0.000000
4 9 4 0.000000
4 9 5 0.000000
4 9 6 0.000000
4 9 7 0.000000
4 9 8 0.000000
4 9 9 0.000000
4 9 10 0.000000
4 9 11 0.000000
4 9 12 0.000000
4 9 13 0.000000
4 9 14 0.000000
4 9 15 0.000000
4 9 16 0.000000
4 9 17 0.000000
4 9 18 0.000000
4 9 19 0.000000
4 9 20 0.000000
4 9 21 33.274805
4 9 22 0.000000
4 9 23 0.000000
4 9 24 0.000000
4 9 25 0.000000
4 9 26 0.000000
4 9 27 0.000000
4 9 28 0.000000
4 9 29 0.000000
4 9 30 0.000000
4 9 31 0.000000
4 9 32 0.000000
4 9 33 42.809723
4 9 34 0.000000
4 9 35 0.000000
4 9 36 0.000000
4 9 37 0.000000
4 9 38 0.000000
4 9 39 0.000000
4 9 40 0.000000
4 9 41 0.000000
4 9 42 0.000000
4 9 43 0.000000
4 9 44 0.000000
4 9 45 0.000000
4 9 46 0.000000
4 9 47 36.166995
4 9 48 0.000000
4 9 49 0.000000
4 9 50 0.000000
4 9 51 0.000000
4 9 52 0.000000
4 9 53 78.831507
4 9 54 0.000000
4 9 55 0.000000
4 9 56 51.437936
4 9 57 0.000000
4 9 58 0.000000
4 9 59 0.000000
4 9 60 43.546472
4 9 61 0.000000
4 9 62 0.000000
4 9 63 0.000000
4 10 0 0.000000
4 10 1 46.316417
4 10 2 0.000000
4 10 3 0.000000
4 10 4 0.000000
4 10 5 0.000000
4 10 6 0.000000
4 10 7 28.679878
4 10 8 0.000000
4 10 9 0.000000
4 10 10 0.000000
4 10 11 0.000000
4 10 12 37.780258
4 10 13 0.000000
4 10 14 35.644051
4 10 15 41.389156
4 10 16 0.000000
4 10 17 46.207758
4 10 18 0.000000
4 10 19 0.000000
4 10 20 53.410982
4 10 21 0.000000
4 10 22 0.000000
4 10 23 43.755848
4 10 24 37.245258
4 10 25 94.965340
4 10 26 0.000000
4 10 27 50.744125
4 10 28 0.000000
4 10 29 45.830147
4 10 30 0.000000
4 10 31 0.000000
4 10 32 0.000000
4 10 33 0.000000
4 10 34 0.000000
4 10 35 0.000000
4 10 36 33.205788
4 10 37 0.000000
4 10 38 0.000000
4 10 39 0.000000
4 10 40 0.000000
4 10 41 0.000000
4 10 42 40.499691
4 10 43 47.718435
4 10 44 0.000000
4 10 45 0.000000
4 10 46 0.000000
4 10 47 0.000000
4 10 48 34.928022
4 10 49 0.000000
4 10 50 37.883368
4 10 51 38.297567
4 10 52 35.458678
4 10 53 0.000000
4 10 54 34.369507
4 10 55 0.000000
4 10 56 46.330204
4 10 57 41.615527
4 10 58 45.303715
4 10 59 46.894147
4 10 60 32.519036
4 10 61 44.750025
4 10 62 44.912049
4 10 63 42.920142
4 11 0 36.640224
4 11 1 33.628939
4 11 2 33.814974
4 11 3 0.000000
4 11 4 0.000000
4 11 5 0.000000
4 11 6 48.873423
4 11 7 0.000000
4 11 8 0.000000
4 11 9 43.520527
4 11 10 0.000000
4 11 11 55.402230
4 11 12 0.000000
4 11 13 0.000000
4 11 14 0.000000
4 11 15 0.000000
4 11 16 0.000000
4 11 17 32.625264
4 11 18 0.000000
4 11 19 0.000000
4 11 20 51.182689
4 11 21 38.777664
4 11 22 0.000000
4 11 23 0.000000
4 11 24 46.677398
4 11 25 0.000000
4 11 26 45.348411
4 11 27 0.000000
4 11 28 0.000000
4 11 29 0.000000
4 11 30 0.000000
4 11 31 0.000000
4 11 32 0.000000
4 11 33 0.000000
4 11 34 48.980258
4 11 35 0.000000
4 11 36 0.000000
4 11 37 0.000000
4 11 38 0.000000
4 11 39 0.000000
4 11 40 0.000000
4 11 41 0.000000
4 11 42 0.000000
4 11 43 0.000000
4 11 44 0.000000
4 11 45 0.000000
4 11 46 0.000000
4 11 47 0.000000
4 11 48 0.000000
4 11 49 34.534074
4 11 50 0.000000
4 11 51 0.000000
4 11 52 0.000000
4 11 53 0.000000
4 11 54 0.000000
4 11 55 0.000000
4 11 56 0.000000
4 11 57 0.000000
4 11 58 0.000000
4 11 59 0.000000
4 11 60 0.000000
4 11 61 0.000000
4 11 62 0.000000
4 11 63 0.000000
4 12 0 0.000000
4 12 1 0.000000
4 12 2 0.000000
4 12 3 0.000000
4 12 4 34.925874
4 12 5 0.000000
4 12 6 0.000000
4 12 7 0.000000
4 12 8 40.106823
4 12 9 0.000000
4 12 10 0.000000
4 12 11 0.000000
4 12 12 0.000000
4 12 13 0.000000
4 12 14 0.000000
4 12 15 0.000000
4 12 16 0.000000
4 12 17 36.165314
4 12 18 0.000000
4 12 19 0.000000
4 12 20 0.000000
4 12 21 0.000000
4 12 22 0.000000
4 12 23 0.000000
4 12 24 0.000000
4 12 25 0.000000
4 12 26 0.000000
4 12 27 0.000000
4 12 28 0.000000
4 12 29 54.166848
4 12 30 38.550225
4 12 31 0.000000
4 12 32 0.000000
4 12 33 0.000000
4 12 34 0.000000
4 12 35 0.000000
4 12 36 0.000000
4 12 37 0.000000
4 12 38 0.000000
4 12 39 47.096115
4 12 40 35.659811
4 12 41 0.000000
4 12 42 55.055749
4 12 43 53.575344
4 12 44 49.406156
4 12 45 40.857154
4 12 46 51.690844
4 12 47 0.000000
4 12 48 40.769360
4 12 49 51.415995
4 12 50 44.975224
4 12 51 52.222421
4 12 52 0.000000
4 12 53 40.900481
4 12 54 51.686749
4 12 55 57.936085
4 12 56 50.932877
4 12 57 55.157501
4 12 58 58.659381
4 12 59 47.909188
4 12 60 0.000000
4 12 61 0.000000
4 12 62 52.268189
4 12 63 47.841995
4 13 0 52.757971
4 13 1 49.338394
4 13 2 50.704173
4 13 3 54.526911
4 13 4 55.576637
4 13 5 58.045835
4 13 6 61.396970
4 13 7 50.171408
4 13 8 49.696883
4 13 9 38.769238
4 13 10 54.851465
4 13 11 54.874363
4 13 12 63.276591
4 13 13 51.087664
4 13 14 54.722100
4 13 15 0.000000
4 13 16 35.524057
4 13 17 60.868565
4 13 18 34.858769
4 13 19 35.580305
4 13 20 48.711054
4 13 21 42.835254
4 13 22 40.712370
4 13 23 47.653706
4 13 24 60.358012
4 13 25 0.000000
4 13 26 0.000000
4 13 27 39.078435
4 13 28 0.000000
4 13 29 43.259956
4 13 30 56.712759
4 13 31 0.000000
4 13 32 45.568608
4 13 33 41.851776
4 13 34 40.188628
4 13 35 0.000000
4 13 36 53.944080
4 13 37 0.000000
4 13 38 0.000000
4 13 39 0.000000
4 13 40 55.639908
4 13 41 49.733231
4 13 42 0.000000
4 13 43 61.806283
4 13 44 0.000000
4 13 45 42.741311
4 13 46 47.209182
4 13 47 0.000000
4 13 48 0.000000
4 13 49 50.149506
4 13 50 49.442243
4 13 51 44.926675
4 13 52 0.000000
4 13 53 39.181281
4 13 54 76.323066
4 13 55 50.772808
4 13 56 0.000000
4 13 57 49.811725
4 13 58 0.000000
4 13 59 54.494696
4 13 60 48.912247
4 13 61 44.048023
4 13 62 0.000000
4 13 63 46.525955
4 14 0 47.551962
4 14 1 47.537386
4 14 2 47.650837
4 14 3 46.937921
4 14 4 49.889605
4 14 5 55.891331
4 14 6 53.979960
4 14 7 46.217898
4 14 8 53.051785
4 14 9 45.991203
4 14 10 51.637134
4 14 11 55.881482
4 14 12 58.027123
4 14 13 51.527743
4 14 14 47.258106
4 14 15 0.000000
4 14 16 51.996288
4 14 17 50.571910
4 14 18 58.700186
4 14 19 43.029718
4 14 20 59.112210
4 14 21 48.728937
4 14 22 55.985853
4 14 23 50.660761
4 14 24 46.839153
4 14 25 53.204049
4 14 26 46.666467
4 14 27 0.000000
4 14 28 60.590987
4 14 29 57.352564
4 14 30 56.296739
4 14 31 47.206246
4 14 32 54.170937
4 14 33 39.331964
4 14 34 45.818334
4 14 35 47.953037
4 14 36 53.452844
4 14 37 0.000000
4 14 38 45.439829
4 14 39 40.356546
4 14 40 54.085806
4 14 41 48.708544
4 14 42 50.987717
4 14 43 53.319691
4 14 44 45.760327
4 14 45 53.381075
4 14 46 58.526674
4 14 47 52.154666
4 14 48 44.236955
4 14 49 53.680574
4 14 50 50.814435
4 14 51 46.873308
4 14 52 50.416624
4 14 53 38.734135
4 14 54 51.623493
4 14 55 53.178777
4 14 56 47.930132
4 14 57 44.576484
4 14 58 52.780635
4 14 59 44.485368
4 14 60 54.568456
4 14 61 46.498052
4 14 62 45.983850
4 14 63 51.679962
4 15 0 50.946760
4 15 1 49.971695
4 15 2 50.893459
4 15 3 36.956114
4 15 4 55.896814
4 15 5 46.402095
4 15 6 51.637599
4 15 7 45.200714
4 15 8 56.561826
4 15 9 47.960625
4 15 10 44.022365
4 15 11 53.410791
4 15 12 44.777873
4 15 13 51.425413
4 15 14 42.789471
4 15 15 52.686471
4 15 16 0.000000
4 15 17 45.789014
4 15 18 52.737570
4 15 19 0.000000
4 15 20 59.575583
4 15 21 53.646852
4 15 22 41.452689
4 15 23 49.752602
4 15 24 48.929473
4 15 25 49.823756
4 15 26 0.000000
4 15 27 44.227234
4 15 28 45.436156
4 15 29 52.338985
4 15 30 53.155390
4 15 31 45.469121
4 15 32 36.423905
4 15 33 55.058159
4 15 34 48.211408
4 15 35 51.617695
4 15 36 59.079695
4 15 37 50.296515
4 15 38 0.000000
4 15 39 45.548649
4 15 40 58.376638
4 15 41 52.512291
4 15 42 52.025126
4 15 43 53.832626
4 15 44 44.482316
4 15 45 56.459680
4 15 46 0.000000
4 15 47 37.142441
4 15 48 49.404356
4 15 49 53.961912
4 15 50 44.410090
4 15 51 39.365098
4 15 52 51.968139
4 15 53 41.037420
4 15 54 54.288774
4 15 55 47.822101
4 15 56 55.503919
4 15 57 37.551577
4 15 58 48.190617
4 15 59 43.917691
4 15 60 40.342943
4 15 61 0.000000
4 15 62 49.379451
4 15 63 49.017263
