0 13 18 3.718261 3.704798 26
1 13 18 19.696086 1.333515 14
2 13 30 92.070615 6.000000 3
3 13 30 18.037740 7.052240 23
4 13 18 19.975311 38.636479 39
0 13 18 146.203209 134.897964 168
1 13 18 142.429486 174.402542 181
2 13 30 63.203911 110.780436 109
3 13 30 153.212052 154.190715 192
4 13 18 152.976238 134.952901 187
0 12 42 149.491117 183.359428 223
1 12 42 142.419898 199.114444 225
2 12 40 64.640700 163.985262 136
3 12 42 155.183895 266.190061 257
4 12 42 143.109587 282.383090 246
0 12 42 150.931868 230.614726 229
1 12 42 141.440173 232.934247 231
2 12 40 64.238570 126.134247 137
3 12 42 152.842027 231.344228 262
4 12 42 140.195454 319.420351 261
0 15 18 150.602399 251.174698 245
1 15 18 152.158671 218.916959 244
2 15 18 66.158049 164.368272 132
3 15 18 151.038400 276.922040 250
4 15 18 149.783149 256.625105 263
0 12 5 149.044012 214.428686 215
1 12 5 150.717379 608.930832 234
2 12 5 63.869792 88.594158 126
3 12 5 152.945254 212.383756 236
4 12 5 145.961074 266.354633 234
0 12 5 150.203430 234.097587 226
1 12 5 145.419918 552.901298 233
2 12 5 63.229981 172.661441 129
3 12 5 154.724607 215.687593 245
4 12 5 146.484490 324.067301 235
0 12 5 149.162787 152.307707 186
1 12 5 152.492647 442.956403 197
2 12 5 66.791802 90.870268 119
3 12 5 158.043087 209.855788 220
4 12 5 134.815978 264.825263 211
0 14 4 147.159163 188.018000 203
1 14 5 146.903441 185.664897 217
2 14 5 62.850205 161.280827 131
3 14 5 149.144494 237.956572 241
4 14 5 144.518143 262.527157 232
0 14 4 143.951271 175.631468 204
1 14 5 148.679277 219.818180 219
2 14 5 62.592246 105.100480 129
3 14 5 148.436905 248.457336 237
4 14 5 147.627575 224.265322 240
0 15 48 143.196624 267.402939 240
1 15 54 143.707713 267.508866 253
2 15 54 58.507456 182.616210 134
3 15 54 146.680121 379.061141 272
4 15 54 142.864441 400.566137 271
0 13 54 142.575773 235.439979 242
1 13 54 137.725184 297.148124 247
2 13 54 68.162571 185.660318 139
3 13 54 142.042153 343.689848 261
4 13 54 150.449809 451.772836 283
0 12 5 149.105203 301.907930 253
1 12 5 147.764739 1397.916506 278
2 12 5 61.882278 145.466980 139
3 12 5 153.424320 303.297231 281
4 12 5 146.958291 411.775128 274
0 12 5 149.337629 311.097734 253
1 12 5 147.829715 1395.814066 276
2 12 5 66.892315 138.515459 137
3 12 5 152.140740 352.183116 279
4 12 5 146.189328 364.594001 277
0 12 5 148.625707 259.015696 256
1 12 5 147.688293 1404.118488 280
2 12 5 63.204265 129.628503 140
3 12 5 153.239927 391.550813 282
4 12 5 145.622269 350.418575 275
0 12 5 150.067952 245.050760 253
1 12 5 143.789316 1347.107344 274
2 12 5 61.322548 138.157939 137
3 12 5 153.198885 303.766975 277
4 12 5 142.559055 390.296013 272
0 13 54 145.174815 332.958376 255
1 13 54 141.015260 473.911086 254
2 13 54 70.024671 336.086185 140
3 13 54 146.025919 732.999397 273
4 13 54 153.996183 867.731728 289
0 13 54 142.299143 238.621059 242
1 13 54 137.684783 245.704238 246
2 13 54 63.567817 236.196995 140
3 13 54 142.892470 354.567974 265
4 13 54 149.411244 409.026471 285
0 13 54 143.260948 190.825294 204
1 13 54 138.946691 188.628259 200
2 13 54 68.201231 109.367648 123
3 13 54 141.646473 202.229988 211
4 13 54 149.199410 246.653201 235
0 13 54 143.112606 271.025403 250
1 13 54 144.000925 421.953042 261
2 13 54 62.813622 334.625839 140
3 13 54 142.376512 550.485434 264
4 13 54 150.153430 568.596406 285
0 13 54 141.855321 256.104532 241
1 13 54 143.417464 304.955412 257
2 13 54 67.596871 198.795746 138
3 13 54 141.907649 377.443120 263
4 13 54 149.825596 392.870307 278
0 13 54 143.142951 234.127303 249
1 13 54 144.129436 289.801076 258
2 13 54 62.621924 175.225897 138
3 13 54 142.328418 394.801258 256
4 13 54 149.000279 408.091721 279
0 13 54 143.933149 247.702467 244
1 13 54 144.121275 275.937955 258
2 13 54 63.777326 191.937567 140
3 13 54 142.072752 366.583493 263
4 13 54 149.680282 350.765742 286
0 13 54 141.819747 204.753981 227
1 13 54 144.396930 167.432747 232
2 13 54 65.109672 168.813333 139
3 13 54 142.685042 222.631536 243
4 13 54 148.251480 282.025182 258
0 13 54 141.572100 248.394852 231
1 13 54 145.600734 223.998083 229
2 13 54 60.881985 135.599394 131
3 13 54 142.484478 238.288654 247
4 13 54 149.113651 257.567807 258
0 13 48 101.294487 7.312226 41
1 13 54 144.384487 231.676321 236
2 13 54 64.688350 143.223626 132
3 13 54 143.979772 263.530878 254
4 13 54 151.174255 331.600358 260
0 0 0 0.000000 0.000000 0
1 1 27 154.535573 213.633459 253
2 1 27 70.842916 157.497541 132
3 1 27 24.212380 1378.000000 123
4 1 27 134.673451 1673.000000 246
0 7 22 140.185643 0.000001 0
1 2 34 0.000000 0.000000 0
2 8 1 198.999998 0.000000 0
3 2 46 189.602283 285.726090 313
4 8 7 79.504372 0.000000 0
0 1 27 152.964731 227.794090 230
1 1 27 154.402058 229.264810 239
2 1 27 68.520114 106.240137 130
3 1 27 26.065121 1300.000000 122
4 1 27 144.286325 217.530275 243
0 13 54 37.481208 2417.392018 136
1 13 54 35.369399 3170.000000 143
2 13 54 49.529412 113.259047 116
3 13 54 42.719398 3479.000000 152
4 13 54 51.684506 3401.000000 166
0 13 54 15.156940 769.000000 93
1 13 54 15.358437 794.000000 97
2 13 54 49.418605 52.135524 64
3 13 39 23.933415 739.000000 110
4 13 54 23.890011 1121.000000 115
0 13 54 147.923584 257.791830 247
1 13 54 147.911224 260.674283 257
2 13 54 64.544834 214.873193 142
3 13 54 146.687437 373.659825 263
4 13 54 155.545365 360.780574 284
0 13 54 8.940846 835.000000 92
1 13 54 14.938856 830.000000 94
2 13 54 36.316971 234.000000 67
3 13 54 19.024261 1192.000000 111
4 13 54 24.402820 1211.000000 115
0 6 6 161.601146 239.361630 264
1 4 42 158.867606 304.938677 267
2 4 4 71.498202 217.870448 150
3 4 6 171.131686 394.648506 300
4 2 42 163.554489 359.221668 295
0 6 6 162.893474 131.887671 165
1 4 42 158.684336 332.345825 268
2 4 4 73.176082 206.244136 147
3 4 6 172.335481 418.808491 307
4 2 42 161.855481 492.788766 296
0 6 6 161.969202 262.625924 268
1 4 42 157.694523 285.620044 271
2 4 4 70.573556 203.963448 151
3 4 6 170.997462 414.745398 306
4 2 42 163.147515 447.613100 298
0 6 6 165.889557 146.326750 166
1 4 42 157.185362 340.690631 262
2 4 4 71.116597 236.576976 151
3 4 6 171.445952 373.431383 304
4 2 42 162.745920 408.236711 298
0 12 5 153.578165 140.186249 177
1 12 5 151.100758 328.762234 181
2 12 5 65.835038 118.002999 122
3 12 5 153.795580 137.088010 195
4 12 5 148.605256 178.438258 196
0 0 42 99.793308 209.935396 181
1 0 42 145.112204 294.079792 258
2 0 42 177.253888 402.197644 144
3 0 42 51.209798 4015.000000 165
4 0 42 152.092871 418.467835 285
0 0 42 100.164507 229.264820 180
1 0 42 144.799899 536.559852 262
2 0 42 155.299692 13290.484532 146
3 0 42 59.969580 15762.000000 168
4 0 42 152.568105 733.519173 287
0 0 42 100.432118 232.338771 178
1 0 42 144.655537 290.448541 255
2 0 42 157.283116 3153.504302 144
3 0 42 61.837896 3874.000000 168
4 0 42 152.347990 394.342387 282
0 0 42 99.553395 144.962441 179
1 0 42 144.533459 277.644550 257
2 0 42 195.078844 3974.000000 140
3 0 42 53.817880 3842.000000 167
4 0 42 151.506836 385.299832 279
0 0 42 100.172414 172.630876 178
1 0 42 144.575911 338.500079 261
2 0 42 194.095069 4105.000000 141
3 0 42 53.096524 3951.000000 166
4 0 42 151.800450 352.605654 277
0 0 42 101.383590 196.489761 180
1 0 42 144.973712 257.204944 257
2 0 42 194.709640 4149.000000 142
3 0 42 52.634145 4046.000000 168
4 0 42 152.231606 352.113200 286
0 12 5 149.856825 298.710695 253
1 12 5 148.981403 1438.858317 285
2 12 5 63.314849 166.446147 141
3 12 5 152.686264 378.417307 280
4 12 5 143.591655 437.744365 275
0 12 5 149.199133 246.153367 248
1 12 5 152.285846 1363.431558 282
2 12 5 62.280477 136.602515 137
3 12 5 152.873554 376.809671 278
4 12 5 133.451788 609.927677 274
0 12 4 151.789040 275.550425 252
1 12 5 148.128539 1402.302363 282
2 12 5 63.893403 203.731968 142
3 12 5 152.037839 404.418198 282
4 12 5 144.686680 362.881713 271
0 13 26 80.781133 4.999999 2
1 13 14 100.274846 2.064137 15
2 13 26 156.369929 0.415735 2
3 13 26 29.857192 26.035932 75
4 12 61 24.725352 21.979547 61
0 13 39 141.295445 255.626134 246
1 13 60 143.078002 260.110244 248
2 11 21 69.562228 199.609581 140
3 11 21 146.493000 363.472829 264
4 13 60 146.204975 435.806216 275
0 13 39 141.110446 274.127321 247
1 13 60 143.001018 259.684686 250
2 11 21 68.922771 176.841364 140
3 11 21 145.285310 304.094702 265
4 13 60 145.070005 374.522176 271
0 12 5 130.748220 44.623356 111
1 12 5 142.046584 78.643579 124
2 12 5 68.247370 23.465780 61
3 12 5 147.640295 48.977279 110
4 12 5 140.963115 37.122412 113
0 12 5 146.965665 350.651628 262
1 12 5 140.199116 2673.664866 283
2 12 5 64.949682 249.680355 143
3 12 5 151.141788 569.162637 286
4 12 5 144.607331 697.274948 282
0 12 4 96.592664 305.022107 165
1 12 5 284.734009 17943.865045 294
2 12 5 34.260867 365.000000 44
3 12 5 37.436951 223.962786 98
4 12 5 51.972137 129.565751 84
0 12 4 83.886467 12.270935 55
1 12 5 286.332364 2444.084618 128
2 12 5 30.250001 10.057275 26
3 12 5 49.340820 79.955793 78
4 12 5 2.028433 428.442048 70
0 12 4 175.498128 11.329009 66
1 12 5 285.340370 2427.233349 151
2 12 5 28.877199 11.655258 25
3 12 5 29.794846 73.476613 82
4 12 5 23.954064 46.156202 70
0 12 4 86.319757 9.097528 57
1 12 5 285.768963 2403.478903 153
2 12 5 44.744193 8.263853 17
3 12 5 34.316836 62.017893 76
4 12 5 -1.169746 604.000000 63
0 12 4 85.325704 13.261216 58
1 12 5 283.846154 2438.464961 145
2 12 5 23.868873 12.964340 26
3 12 5 8.347652 1099.000000 76
4 12 5 1.760460 615.000000 70
0 12 4 145.013553 118.000000 73
1 12 5 228.134883 2696.000000 148
2 12 5 53.972322 12.169683 19
3 12 5 7.746823 775.870059 87
4 12 5 2.011256 553.000000 66
0 12 4 174.951807 26.067241 82
1 12 5 284.774061 2381.787540 144
2 12 5 27.732915 54.000000 23
3 12 5 19.230939 1045.000000 85
4 12 5 17.071073 597.000000 73
0 12 4 163.200868 19.351457 74
1 12 5 281.449574 2338.735387 155
2 12 5 43.629633 13.356750 18
3 12 5 11.672524 1015.000000 86
4 12 5 0.656721 521.000000 63
0 12 4 78.011697 9.333234 38
1 12 5 258.716712 1579.000000 122
2 12 5 35.175025 8.338382 21
3 12 5 17.693694 681.000000 77
4 12 5 0.932475 337.000000 61
0 8 46 123.494562 14.770553 71
1 3 13 209.158764 0.952312 29
2 10 34 252.333333 4.000000 0
3 3 17 171.733333 3.914640 5
4 7 54 137.528004 7.824036 65
0 13 39 140.372714 331.515441 244
1 11 21 140.412661 365.682941 250
2 11 21 64.180549 208.867404 141
3 11 21 145.325653 450.159802 268
4 13 60 145.927930 485.027017 275
0 15 39 143.363408 239.641791 252
1 15 39 144.123248 324.425930 258
2 15 60 57.522848 180.171665 132
3 15 60 145.535499 335.110468 267
4 15 39 148.977235 461.974681 282
0 14 6 139.179831 329.412454 246
1 14 6 148.462263 323.833315 266
2 14 2 60.368757 169.728681 137
3 14 2 147.784162 422.065100 272
4 14 6 151.736242 470.515249 285
0 12 6 152.551555 354.002568 263
1 10 56 146.989853 405.048288 261
2 10 56 62.979692 257.418816 140
3 10 56 148.766049 499.441486 273
4 12 6 148.433339 477.656803 277
0 13 0 141.507239 221.691506 232
1 15 61 173.531597 705.242758 332
2 13 0 142.488972 341.559201 252
3 13 0 177.293719 103.059651 215
4 14 14 194.637140 52.401088 195
0 12 62 29.067010 24.378753 46
1 13 14 37.054181 70.160900 97
2 13 26 60.425620 61.641382 82
3 13 14 35.420840 3491.000000 144
4 13 0 29.465912 6342.000000 134
0 12 61 141.071607 404.483938 253
1 15 61 168.616662 3070.857136 330
2 13 0 143.937694 469.947166 254
3 13 0 193.189102 2275.414760 364
4 14 14 202.693769 2146.188063 377
0 12 61 140.865135 263.849868 241
1 15 61 167.880017 1131.250076 327
2 13 0 143.196886 274.306581 252
3 13 0 191.731487 800.933785 362
4 14 14 203.270841 858.969867 379
0 12 61 143.194533 265.243196 246
1 15 61 167.896101 984.307481 328
2 13 0 143.651822 367.061854 253
3 13 0 193.298924 1097.792933 365
4 14 14 201.075014 802.184905 375
0 12 61 139.817155 252.480686 245
1 15 61 168.487221 1161.907607 329
2 13 0 143.333247 332.547005 253
3 13 0 194.651532 813.614218 366
4 14 14 202.598706 855.412358 377
0 12 61 140.946669 263.478067 246
1 15 61 170.245919 1044.714951 332
2 13 0 145.608889 294.977182 256
3 13 0 193.033866 999.930890 364
4 14 14 203.860945 883.962484 380
0 12 61 140.593328 395.109315 254
1 15 61 175.713329 3735.974370 340
2 13 0 160.323161 7058.258546 272
3 13 0 199.395179 2281.882253 373
4 14 14 208.293472 2215.726128 379
0 12 61 139.615750 221.099873 238
1 15 61 173.021053 868.817650 334
2 13 0 155.198523 316.027907 269
3 13 0 200.394369 793.939564 375
4 14 14 207.737760 700.492929 379
0 12 61 139.820920 290.948010 246
1 14 0 179.948898 825.545338 343
2 13 0 158.117100 383.921108 273
3 13 0 198.175086 740.792862 371
4 14 14 210.806351 659.571023 378
0 12 61 140.396106 263.728306 244
1 15 61 175.981967 894.949524 340
2 13 0 155.303493 312.964506 270
3 13 0 198.525054 660.674366 372
4 14 14 208.095405 702.724171 379
0 12 61 139.829030 279.510516 246
1 15 61 178.268131 902.162325 341
2 13 0 159.113647 378.356677 275
3 13 0 200.675110 716.003459 375
4 14 14 207.692320 702.281082 379
0 12 61 141.380873 247.826271 246
1 15 61 178.277713 904.519800 343
2 13 0 157.920074 378.850123 273
3 13 0 199.838974 838.935006 374
4 14 14 287.290212 960.556669 380
0 12 61 140.211541 297.094222 242
1 15 61 171.902366 915.262940 334
2 13 0 154.511500 420.467575 268
3 13 0 200.180818 680.926201 374
4 14 14 208.118398 705.632752 379
0 12 61 142.754257 249.977361 247
1 15 61 174.073852 966.690940 338
2 13 0 157.246861 415.818864 272
3 13 0 197.971937 726.643750 371
4 14 14 208.390106 762.745910 379
0 12 61 136.761936 415.563684 249
1 15 61 177.878207 3949.529404 343
2 13 0 166.743793 814.136179 285
3 13 0 204.245366 1952.441414 379
4 14 14 211.371452 2289.796519 377
0 12 61 137.400808 179.082943 212
1 15 61 178.711613 417.051820 323
2 13 0 165.361957 267.273068 277
3 13 0 205.455131 462.504958 374
4 14 14 211.881135 501.856543 372
0 12 61 137.452062 196.599492 204
1 15 61 176.053699 444.898870 321
2 13 0 167.259740 351.847507 286
3 13 0 198.075040 478.118608 366
4 14 14 226.551682 486.680352 372
0 12 61 136.881015 172.912553 203
1 15 61 178.244495 437.085561 315
2 13 0 166.578749 294.811362 282
3 13 0 209.486565 454.636950 373
4 14 14 212.523163 496.579643 366
0 13 0 132.846994 139.980699 196
1 15 61 177.688761 395.064325 311
2 13 0 169.817625 340.955424 284
3 13 0 204.547193 458.044787 375
4 14 14 209.914022 498.287203 373
0 12 61 138.315074 177.516374 212
1 15 61 176.453356 442.648930 320
2 13 0 163.179189 303.694324 274
3 13 0 206.151353 558.895633 374
4 14 14 214.640477 479.441116 370
0 13 0 134.558525 152.255105 194
1 15 61 174.188827 472.112891 312
2 13 0 171.954817 328.847631 286
3 13 0 206.510897 507.690862 374
4 14 14 208.296798 534.511630 371
0 12 61 137.565174 180.772724 209
1 15 61 178.510417 377.743751 319
2 13 0 163.697231 314.302338 279
3 13 0 201.905560 431.288460 371
4 14 14 208.306356 465.431182 375
0 12 61 136.387825 168.308808 210
1 15 61 173.496284 442.722316 307
2 13 0 164.077271 300.971991 274
3 13 0 199.342928 511.861088 362
4 14 14 210.918580 488.436930 371
0 12 61 137.291092 183.008100 207
1 15 61 178.080139 407.375507 304
2 13 0 213.428949 419.517528 285
3 13 0 206.086228 440.759155 370
4 14 14 211.093701 514.924361 377
0 12 61 137.427330 185.678354 203
1 15 61 177.553729 378.011746 314
2 13 0 161.981043 305.121657 271
3 13 0 206.437446 449.559989 371
4 14 14 214.315702 474.650534 367
0 12 61 136.799375 154.952068 208
1 15 61 182.095322 402.118123 320
2 13 0 166.287954 360.138342 275
3 13 0 202.445680 476.473315 372
4 14 14 213.963726 384.366214 369
0 12 61 135.496360 219.940957 201
1 15 61 181.746479 320.328486 315
2 13 0 167.818966 328.242824 278
3 13 0 205.963073 490.007899 374
4 14 14 216.620008 513.493183 370
0 12 61 136.949732 193.656840 212
1 15 61 184.827619 425.504988 307
2 13 0 165.855590 314.730367 273
3 13 0 205.028716 427.247140 369
4 14 14 210.332227 437.811352 368
0 12 61 135.168412 187.868451 206
1 15 61 179.082437 380.867427 315
2 13 0 170.299437 316.049788 284
3 13 0 206.236842 476.645963 374
4 14 14 210.081967 512.438350 368
0 12 61 135.949886 202.061845 209
1 15 61 232.667345 480.392665 309
2 13 0 165.625602 303.070426 277
3 13 0 206.156342 431.893478 367
4 14 14 214.612766 447.345399 372
0 12 61 137.133410 212.301337 213
1 15 61 179.215927 443.013722 327
2 13 0 165.652702 260.299201 279
3 13 0 202.570855 491.964622 370
4 14 14 209.933437 461.837929 373
0 12 61 136.740173 170.010606 210
1 15 61 174.021798 463.843083 314
2 13 0 169.760158 359.532574 283
3 13 0 202.418308 486.199484 375
4 14 14 209.231753 517.254705 376
0 12 61 137.171615 176.854494 204
1 15 61 174.743175 444.504317 313
2 13 0 166.914779 269.795917 280
3 13 0 200.101190 502.794219 367
4 14 14 207.286150 508.905621 373
0 12 61 136.086444 245.063773 220
1 15 61 184.547386 411.281787 327
2 13 0 163.339813 303.313411 278
3 13 0 204.910266 490.998619 376
4 14 14 212.970769 548.775675 373
0 12 61 135.837916 189.353877 207
1 15 61 181.055588 395.800009 318
2 13 0 167.012562 340.903136 281
3 13 0 207.597835 513.783116 373
4 14 14 208.267407 480.013239 374
0 12 61 135.548919 161.537546 207
1 15 61 178.261945 414.736075 319
2 13 0 167.885145 389.971833 284
3 13 0 282.801172 1459.432463 375
4 14 14 211.522745 502.657778 371
0 14 0 132.738019 152.727926 216
1 15 61 160.952416 824.273254 317
2 13 0 126.577738 262.430526 229
3 13 0 182.752638 908.160372 350
4 14 14 189.278456 912.447225 359
0 14 0 139.025905 252.227508 242
1 15 61 166.196787 1403.494921 326
2 15 61 125.929044 319.499075 228
3 13 0 187.724611 1060.104877 356
4 14 14 192.225656 1172.212000 363
0 15 61 150.603724 394.294056 263
1 13 0 165.212003 1996.797524 325
2 15 61 128.250166 384.659254 232
3 14 0 192.961175 1613.259364 364
4 14 14 197.368967 1452.690605 371
0 15 61 151.190544 424.586667 264
1 13 0 167.962295 2017.421165 329
2 15 61 126.437106 390.438292 229
3 14 0 193.115874 1499.121716 364
4 14 14 196.717642 1225.040975 369
0 14 0 132.258230 276.403974 236
1 15 61 160.625344 2855.067256 319
2 13 0 126.880638 324.058329 230
3 13 0 184.420537 2582.443061 352
4 14 14 189.686441 3066.644522 359
0 12 61 139.724133 211.795589 219
1 14 0 168.886996 670.174905 327
2 13 0 127.681072 314.257006 230
3 13 0 183.898025 803.753482 352
4 14 14 188.262792 939.072576 358
0 14 0 132.578604 219.503102 224
1 14 0 172.913802 874.484149 334
2 13 0 125.551930 271.932422 228
3 13 0 186.613727 819.236453 355
4 14 14 188.873066 871.628456 359
0 14 0 133.495345 223.457846 216
1 15 61 163.671879 865.751467 318
2 13 0 126.551904 276.598296 229
3 13 0 182.512936 714.625335 349
4 14 14 190.281720 1008.113995 361
0 13 0 136.896060 219.595619 232
1 15 61 161.739743 890.715897 319
2 13 0 127.092197 225.461992 230
3 13 0 184.981961 850.263430 353
4 14 14 191.293298 1017.009591 362
0 12 61 139.362666 230.212083 240
1 15 61 158.638083 897.940030 311
2 13 0 127.616589 276.874988 229
3 13 0 197.158063 965.450211 352
4 14 14 189.501390 971.473403 359
0 14 0 128.956428 258.416775 231
1 15 61 146.050213 1816.242095 298
2 13 0 104.068623 581.692558 198
3 15 61 164.927436 2792.845062 325
4 15 62 160.607468 2512.529338 319
0 14 0 130.460079 169.126648 156
1 15 61 150.412556 249.570564 244
2 13 0 102.231865 191.152572 183
3 15 61 162.763158 447.743424 307
4 15 62 164.990703 403.966562 314
0 14 0 130.528442 143.494109 155
1 15 61 144.717391 260.613667 243
2 13 0 106.413113 192.545642 181
3 13 0 164.394186 446.999176 302
4 15 62 157.210506 397.665025 302
0 14 0 129.215427 136.631738 166
1 15 61 144.617921 282.278690 246
2 13 0 104.370647 198.408647 188
3 15 61 170.271077 481.291254 318
4 15 62 167.225177 597.959535 305
0 14 0 130.862408 132.104916 152
1 15 61 152.364775 304.403388 251
2 13 0 107.801735 190.223784 186
3 9 53 24.931374 8998.000000 123
4 15 62 163.658302 450.088626 312
0 14 0 129.380947 133.275351 155
1 15 61 163.884541 436.466719 244
2 13 0 101.157502 179.254806 182
3 13 0 162.026348 427.856052 303
4 15 62 163.310181 450.337208 310
0 14 0 127.562611 124.369297 155
1 15 61 143.161100 234.789844 229
2 13 0 108.202454 188.006247 194
3 15 61 168.656928 411.692069 319
4 15 62 158.103757 373.721055 304
0 14 0 130.774991 152.607992 170
1 15 61 145.187943 240.601283 243
2 13 0 109.200403 188.418175 191
3 15 61 161.831036 401.209800 313
4 15 62 158.373509 409.599359 304
0 14 0 128.702912 106.920256 162
1 15 61 143.395669 224.623239 222
2 13 0 101.511288 157.027540 171
3 15 61 171.093966 365.562448 321
4 15 62 164.691573 399.197393 314
0 14 0 132.167262 89.756257 153
1 15 61 138.042240 236.901469 218
2 13 0 102.207122 177.389730 184
3 15 61 163.546773 364.523779 306
4 15 62 157.598063 425.046225 296
0 14 0 131.909541 124.504255 155
1 15 61 140.905734 221.474009 234
2 13 0 101.947404 164.092643 182
3 15 61 164.000447 422.196082 312
4 15 62 162.297214 379.539842 309
0 14 0 129.075371 131.647560 159
1 15 61 146.918251 225.722920 234
2 15 61 104.183776 170.398683 185
3 15 61 164.729501 396.325202 307
4 15 62 161.834075 410.162061 306
0 14 0 130.600057 109.871705 156
1 15 61 147.242095 248.748055 235
2 15 61 99.775552 145.024286 180
3 15 61 157.419580 441.308325 301
4 15 62 154.718696 398.586287 294
0 14 0 129.814534 125.521776 166
1 15 61 142.955807 217.744122 226
2 13 0 104.658926 168.173191 174
3 15 61 160.558380 403.536513 303
4 15 62 160.743897 314.825619 300
0 14 0 127.679214 127.578774 163
1 15 61 142.568867 251.728579 248
2 13 0 107.679565 197.090752 191
3 15 61 165.252774 413.480906 314
4 15 62 161.115120 367.212977 309
0 14 0 95.876679 407.554114 167
1 15 61 155.246564 305.338504 258
2 15 61 97.919780 228.696325 180
3 15 61 167.156878 407.365963 320
4 15 62 162.074200 406.284585 313
0 14 0 129.322747 110.484741 158
1 15 61 145.190516 295.282936 250
2 15 61 104.985185 177.898719 184
3 15 61 167.049206 502.689017 318
4 15 62 163.367218 478.244803 316
0 14 0 129.370981 131.971392 156
1 15 61 148.970512 284.516091 248
2 15 61 103.842310 184.600781 188
3 15 61 161.348435 356.518098 311
4 15 62 157.971736 502.569771 301
0 14 0 129.164230 148.028087 160
1 15 61 147.302598 228.324974 256
2 13 0 99.733372 185.566049 179
3 15 61 168.125719 511.906394 319
4 15 62 160.406027 357.205223 306
0 14 0 130.029489 136.806169 172
1 15 61 143.585034 307.865025 250
2 13 0 98.818449 181.384906 184
3 15 61 163.422748 502.333116 313
4 15 62 209.382995 1220.171120 305
0 14 0 129.494402 198.368804 163
1 15 61 143.726120 252.065552 241
2 13 0 103.540945 229.674141 182
3 13 0 162.795429 407.170135 320
4 15 62 159.817620 444.909915 311
0 12 36 3.402109 200.000000 47
1 12 42 12.644694 1161.000000 88
2 12 36 31.652265 810.000000 71
3 12 40 29.164440 1389.000000 132
4 12 42 26.840390 2367.000000 122
0 12 16 -0.914212 432.000000 55
1 12 7 50.882956 93.339807 99
2 5 47 30.479151 65.615982 73
3 12 16 32.431798 537.000000 125
4 5 38 25.069710 4206.000000 122
0 5 47 145.993553 223.229043 235
1 5 47 175.797920 662.354850 333
2 5 47 140.255597 361.285051 249
3 3 15 192.535271 18.912350 134
4 12 7 175.349385 16.373864 116
0 5 47 148.966553 203.592169 229
1 5 38 177.036532 570.402232 318
2 5 47 134.469422 325.351395 238
3 3 10 143.156203 139.012548 196
4 5 38 170.978661 194.883025 266
0 13 34 145.414911 113.575336 166
1 13 34 158.688845 250.428387 249
2 13 34 121.090234 207.250408 208
3 13 34 176.672342 68.604151 194
4 12 42 173.417862 188.654921 251
0 14 0 157.540991 559.915783 301
1 14 14 183.573728 409.740061 318
2 15 61 128.987411 315.126287 231
3 14 0 180.782294 223.810779 287
4 14 14 180.425044 409.876280 320
0 14 0 158.204952 870.532010 314
1 14 14 186.113396 599.557211 351
2 15 61 129.066275 314.960789 233
3 14 0 183.141231 399.438830 342
4 14 14 183.424363 515.278498 348
0 15 61 164.387582 802.677804 321
1 14 14 179.889463 310.702052 309
2 15 61 138.400450 375.143554 246
3 1 7 82.224916 53.304883 95
4 14 14 204.761499 135.402557 265
