 run_10003	2019 06 25 22 24 51	2019 06 25 22 25 53
 run_10004	2019 06 25 22 26 27	2019 06 25 22 31 30
 run_10005	2019 06 25 22 38 57	2019 06 25 22 40 41
 run_10006	2019 06 25 22 43 13	2019 06 25 22 48 16
 run_10007	2019 06 26 16 12 52	2019 06 26 16 13 55
 run_10009	2019 06 26 16 27 03	2019 06 26 16 32 05
 run_10010	2019 06 26 16 37 29	2019 06 26 16 38 32
 run_10011	2019 06 26 16 40 23	2019 06 26 16 45 26
 run_10012	2019 06 26 17 29 27	2019 06 26 17 34 30
 run_10013	2019 06 26 18 01 22	2019 06 26 18 06 24
 run_10017	2019 06 26 20 01 07	2019 06 26 20 06 09
 run_10018	2019 06 26 20 08 41	2019 06 26 20 13 44
 run_10019	2019 06 26 20 25 08	2019 06 26 20 30 11
 run_10020	2019 06 26 20 47 39	2019 06 26 20 52 41
 run_10021	2019 06 26 21 01 51	2019 06 26 21 31 54
 run_10022	2019 06 26 22 50 12	2019 06 26 22 55 15
 run_10023	2019 06 26 23 07 09	2019 06 26 23 12 12
 run_10024	2019 06 26 23 18 22	2019 06 26 23 23 25
 run_10025	2019 06 26 23 26 21	2019 06 26 23 31 23
 run_10026	2019 06 26 23 33 55	2019 06 26 23 38 58
 run_10027	2019 06 26 23 41 54	2019 06 26 23 46 56
 run_10028	2019 06 26 23 49 57	2019 06 26 23 54 59
 run_10029	2019 06 26 23 57 32	2019 06 27 00 02 34
 run_10030	2019 06 27 00 05 27	2019 06 27 00 10 30
 run_10031	2019 06 27 00 13 53	2019 06 27 00 18 56
 run_10032	2019 06 27 00 22 27	2019 06 27 00 27 29
 run_10033	2019 06 27 13 48 58	2019 06 27 13 54 02
 run_10039	2019 06 27 15 02 35	2019 06 27 15 09 49
 run_10040	2019 06 27 15 19 37	2019 06 27 15 24 40
 run_10041	2019 06 27 18 45 10	2019 06 27 18 50 13
 run_10042	2019 06 27 18 57 04	2019 06 27 19 02 07
 run_10043	2019 06 27 19 37 21	2019 06 27 19 42 24
 run_10044	2019 06 27 19 47 23	2019 06 27 19 52 26
 run_10045	2019 06 27 20 00 34	2019 06 27 20 05 37
 run_20002	2019 06 28 15 45 00	2019 06 28 15 50 03
 run_20003	2019 06 28 16 23 27	2019 06 28 16 30 40
 run_20004	2019 06 28 16 36 29	2019 06 28 16 51 32
 run_20005	2019 06 28 16 53 39	2019 06 28 17 08 42
 run_20006	2019 06 28 18 30 14	2019 06 28 18 45 17
 run_20011	2019 06 28 19 53 40	2019 06 28 20 03 46
 run_20012	2019 06 28 20 04 21	2019 06 28 20 14 27
 run_20013	2019 06 28 20 15 03	2019 06 28 20 25 09
 run_20014	2019 06 28 20 25 46	2019 06 28 20 35 52
 run_20015	2019 06 28 20 36 26	2019 06 28 20 46 33
 run_20016	2019 06 29 10 48 24	2019 06 29 11 18 36
 run_20017	2019 06 29 11 20 03	2019 06 29 11 50 15
 run_20018	2019 06 29 11 51 41	2019 06 29 12 21 53
 run_20019	2019 06 29 12 23 24	2019 06 29 12 53 36
 run_20020	2019 06 29 12 55 14	2019 06 29 13 25 26
 run_20021	2019 06 29 13 26 56	2019 06 29 13 27 10
 run_20022	2019 06 29 15 45 40	2019 06 29 16 15 52
 run_20023	2019 06 29 16 23 18	2019 06 29 16 53 30
 run_20024	2019 06 29 17 17 55	2019 06 29 17 48 10
 run_20025	2019 06 29 17 59 15	2019 06 29 18 29 27
 run_20026	2019 06 29 17 58 14	2019 06 29 17 58 30
 run_20027	2019 06 29 18 38 22	2019 06 29 18 54 17
 run_20028	2019 06 29 18 58 17	2019 06 29 19 08 23
 run_20029	2019 06 30 07 38 50	2019 06 30 08 09 02
 run_20030	2019 06 30 08 10 28	2019 06 30 08 40 40
 run_20031	2019 06 30 08 42 00	2019 06 30 09 12 13
 run_20032	2019 06 30 09 13 40	2019 06 30 09 43 52
 run_20033	2019 06 30 09 44 40	2019 06 30 09 59 13
 run_20034	2019 06 30 11 57 08	2019 06 30 12 12 11
 run_20035	2019 06 30 12 47 56	2019 06 30 13 02 59
 run_20036	2019 06 30 13 39 35	2019 06 30 13 54 38
 run_20037	2019 06 30 14 13 38	2019 06 30 14 28 45
 run_20038	2019 06 30 14 30 52	2019 06 30 14 46 00
 run_20039	2019 06 30 15 21 27	2019 06 30 15 51 39
 run_20040	2019 06 30 16 31 55	2019 06 30 17 02 07
 run_20042	2019 06 30 17 48 37	2019 06 30 18 18 49
 run_20043	2019 06 30 19 57 26	2019 06 30 20 02 31
 run_20044	2019 06 30 20 05 40	2019 06 30 21 05 59
 run_20047	2019 07 01 10 57 28	2019 07 01 11 27 40
 run_20048	2019 07 01 11 48 07	2019 07 01 12 18 18
 run_20049	2019 07 01 12 51 28	2019 07 01 13 21 39
 run_20050	2019 07 01 13 23 53	2019 07 01 13 54 06
 run_20051	2019 07 01 13 55 28	2019 07 01 14 25 40
 run_20052	2019 07 01 14 26 58	2019 07 01 14 59 22
 run_20053	2019 07 01 15 00 46	2019 07 01 15 31 00
 run_20054	2019 07 01 15 32 09	2019 07 01 15 32 30
 run_20055	2019 07 01 16 44 30	2019 07 01 16 47 55
 run_20056	2019 07 01 16 54 07	2019 07 01 16 58 07
 run_20069	2019 07 01 22 52 25	2019 07 01 22 57 30
 run_20071	2019 07 01 23 35 52	2019 07 01 23 48 27
 run_20072	2019 07 01 23 53 50	2019 07 01 23 54 30
 run_30002	2019 07 02 11 18 29	2019 07 02 11 48 40
 run_30003	2019 07 02 12 04 58	2019 07 02 12 35 09
 run_30004	2019 07 02 12 36 24	2019 07 02 13 06 38
 run_30005	2019 07 02 13 07 49	2019 07 02 13 38 01
 run_30006	2019 07 02 13 40 14	2019 07 02 14 10 25
 run_30007	2019 07 02 14 45 53	2019 07 02 15 16 05
 run_30008	2019 07 02 15 17 35	2019 07 02 15 17 43
 run_30009	2019 07 02 16 59 02	2019 07 02 17 29 14
 run_30010	2019 07 02 17 53 53	2019 07 02 18 24 05
 run_30011	2019 07 03 14 27 24	2019 07 03 14 32 28
 run_30012	2019 07 03 14 42 23	2019 07 03 14 47 28
 run_30013	2019 07 03 15 46 45	2019 07 03 15 47 48
 run_30014	2019 07 05 15 58 09	2019 07 05 16 28 21
 run_30016	2019 07 05 16 58 42	2019 07 05 17 02 37
 run_32001	2019 07 02 16 27 35	2019 07 02 16 30 37
 run_32002	2019 07 02 18 33 28	2019 07 02 23 10 53
 run_32003	2019 07 02 23 26 47	2019 07 02 23 28 16
 run_32004	2019 07 02 23 35 04	2019 07 03 00 35 25
 run_32005	2019 07 03 00 38 19	2019 07 03 01 38 39
 run_32006	2019 07 03 01 41 28	2019 07 03 02 41 48
 run_32007	2019 07 03 02 44 35	2019 07 03 03 44 56
 run_32008	2019 07 03 03 47 50	2019 07 03 04 48 10
 run_32009	2019 07 03 04 50 56	2019 07 03 05 51 16
 run_32010	2019 07 03 05 54 05	2019 07 03 06 54 25
 run_32011	2019 07 03 06 57 11	2019 07 03 07 57 31
 run_32012	2019 07 03 07 59 17	2019 07 03 08 59 38
 run_32013	2019 07 03 08 59 54	2019 07 03 09 05 29
 run_32014	2019 07 05 18 30 50	2019 07 05 18 47 57
 run_32015	2019 07 05 18 54 13	2019 07 05 19 44 28
 run_32016	2019 07 05 19 50 43	2019 07 05 20 51 04
 run_32017	2019 07 05 21 00 46	2019 07 05 22 06 07
 run_32018	2019 07 05 22 13 48	2019 07 05 23 14 09
 run_40012	2019 07 04 20 39 41	2019 07 04 21 09 53
 run_42001	2019 07 03 16 10 09	2019 07 03 16 10 27
 run_42002	2019 07 03 16 18 45	2019 07 03 16 48 57
 run_42003	2019 07 03 17 03 39	2019 07 03 17 33 51
 run_42004	2019 07 03 17 36 30	2019 07 03 18 06 41
 run_42005	2019 07 03 18 09 16	2019 07 03 18 39 27
 run_42006	2019 07 03 18 42 02	2019 07 03 19 12 14
 run_42007	2019 07 03 19 25 59	2019 07 03 19 56 10
 run_42008	2019 07 03 19 58 09	2019 07 03 20 28 20
 run_42009	2019 07 03 20 30 18	2019 07 03 21 00 29
 run_42010	2019 07 03 21 02 33	2019 07 03 21 32 45
 run_42011	2019 07 03 21 34 47	2019 07 03 22 04 59
 run_42012	2019 07 03 22 07 00	2019 07 03 22 37 13
 run_42013	2019 07 03 22 39 18	2019 07 03 23 09 30
 run_42014	2019 07 03 23 18 05	2019 07 03 23 48 17
 run_42015	2019 07 03 23 49 22	2019 07 04 00 19 34
 run_42016	2019 07 04 00 20 37	2019 07 04 00 50 49
 run_42017	2019 07 04 00 51 52	2019 07 04 01 22 03
 run_42018	2019 07 04 01 23 06	2019 07 04 01 53 17
 run_42019	2019 07 04 01 54 20	2019 07 04 02 24 32
 run_42020	2019 07 04 02 25 36	2019 07 04 02 55 47
 run_42021	2019 07 04 02 56 50	2019 07 04 03 27 01
 run_42022	2019 07 04 03 28 04	2019 07 04 03 58 16
 run_42023	2019 07 04 03 59 17	2019 07 04 04 29 29
 run_42024	2019 07 04 04 30 30	2019 07 04 05 00 41
 run_42025	2019 07 04 05 01 46	2019 07 04 05 31 58
 run_42026	2019 07 04 05 32 59	2019 07 04 06 03 10
 run_42027	2019 07 04 06 04 11	2019 07 04 06 34 23
 run_42028	2019 07 04 06 35 25	2019 07 04 07 05 37
 run_42029	2019 07 04 07 06 38	2019 07 04 07 36 49
 run_42030	2019 07 04 07 37 56	2019 07 04 08 08 07
 run_42032	2019 07 04 08 40 30	2019 07 04 09 10 42
 run_42033	2019 07 04 09 11 47	2019 07 04 09 41 58
 run_42036	2019 07 04 10 54 52	2019 07 04 11 25 07
 run_42037	2019 07 04 11 25 29	2019 07 04 11 55 44
 run_42039	2019 07 04 12 26 40	2019 07 04 12 56 58
 run_42040	2019 07 04 12 57 20	2019 07 04 12 57 45
 run_42041	2019 07 04 13 14 28	2019 07 04 13 44 41
 run_42042	2019 07 04 13 44 46	2019 07 04 14 14 59
 run_42044	2019 07 04 14 45 22	2019 07 04 15 15 35
 run_42045	2019 07 04 15 15 40	2019 07 04 15 45 52
 run_42046	2019 07 04 15 55 25	2019 07 04 16 25 37
 run_42047	2019 07 04 16 25 42	2019 07 04 16 55 54
 run_42048	2019 07 04 16 56 00	2019 07 04 17 26 12
 run_42049	2019 07 04 17 26 18	2019 07 04 17 56 30
 run_42050	2019 07 05 00 09 19	2019 07 05 00 39 31
 run_42051	2019 07 05 00 39 37	2019 07 05 01 09 48
 run_42052	2019 07 05 01 09 54	2019 07 05 01 40 06
 run_42053	2019 07 05 01 40 11	2019 07 05 02 10 23
 run_42054	2019 07 05 02 10 29	2019 07 05 02 40 41
 run_42055	2019 07 05 02 40 47	2019 07 05 03 10 59
 run_42056	2019 07 05 03 11 04	2019 07 05 03 41 16
 run_42057	2019 07 05 03 41 22	2019 07 05 04 11 34
 run_42058	2019 07 05 04 11 39	2019 07 05 04 41 52
 run_42059	2019 07 05 04 41 57	2019 07 05 05 12 09
 run_42060	2019 07 05 05 12 14	2019 07 05 05 42 26
 run_42061	2019 07 05 05 42 32	2019 07 05 06 12 44
 run_42062	2019 07 05 06 12 50	2019 07 05 06 43 02
 run_42063	2019 07 05 06 43 07	2019 07 05 07 13 19
 run_42064	2019 07 05 07 13 25	2019 07 05 07 43 37
 run_42065	2019 07 05 07 43 43	2019 07 05 08 13 54
 run_42066	2019 07 05 08 14 00	2019 07 05 08 44 12
 run_42067	2019 07 05 08 44 18	2019 07 05 09 14 30
 run_42068	2019 07 05 09 14 36	2019 07 05 09 44 48
 run_42069	2019 07 05 09 44 54	2019 07 05 10 15 06
 run_42072	2019 07 05 11 59 33	2019 07 05 12 29 45
 run_42074	2019 07 05 12 48 29	2019 07 05 12 58 39
 run_42075	2019 07 05 13 06 09	2019 07 05 13 36 20
 run_42076	2019 07 05 13 36 56	2019 07 05 13 57 08
